# stan_version_major = 2
# stan_version_minor = 37
# stan_version_patch = 0
# model = rlddm_single_subject_model
# start_datetime = 2025-09-24 08:17:39 UTC
# method = sample (Default)
#   sample
#     num_samples = 100
#     num_warmup = 100
#     save_warmup = false (Default)
#     thin = 1 (Default)
#     adapt
#       engaged = true (Default)
#       gamma = 0.05 (Default)
#       delta = 0.95
#       kappa = 0.75 (Default)
#       t0 = 10 (Default)
#       init_buffer = 75 (Default)
#       term_buffer = 50 (Default)
#       window = 25 (Default)
#       save_metric = false (Default)
#     algorithm = hmc (Default)
#       hmc
#         engine = nuts (Default)
#           nuts
#             max_depth = 12
#         metric = diag_e (Default)
#         metric_file =  (Default)
#         stepsize = 1 (Default)
#         stepsize_jitter = 0 (Default)
#     num_chains = 1 (Default)
# id = 1 (Default)
# data
#   file = /var/folders/s0/k9fg8kp94xl307gydfsd9gf00000gq/T/tmpl_9wvr0o/y606whac.json
# init = /var/folders/s0/k9fg8kp94xl307gydfsd9gf00000gq/T/tmpl_9wvr0o/cpkc__y__1.json
# random
#   seed = 2026
# output
#   file = /Users/jy4657/Desktop/Repositories/tst-stan/cmdstan_tmp/rlddm_single_subject-20250924041739_1.csv
#   diagnostic_file =  (Default)
#   refresh = 100 (Default)
#   sig_figs = 8 (Default)
#   profile_file = profile.csv (Default)
#   save_cmdstan_config = false (Default)
# num_threads = 1 (Default)
# stanc_version = stanc3 v2.37.0
# stancflags = --filename-in-msg=rlddm_single_subject.stan
lp__,accept_stat__,stepsize__,treedepth__,n_leapfrog__,divergent__,energy__,alpha,a,t0,scaler_param,scaler,log_lik.1,log_lik.2,log_lik.3,log_lik.4,log_lik.5,log_lik.6,log_lik.7,log_lik.8,log_lik.9,log_lik.10,log_lik.11,log_lik.12,log_lik.13,log_lik.14,log_lik.15,log_lik.16,log_lik.17,log_lik.18,log_lik.19,log_lik.20,log_lik.21,log_lik.22,log_lik.23,log_lik.24,log_lik.25,log_lik.26,log_lik.27,log_lik.28,log_lik.29,log_lik.30,log_lik.31,log_lik.32,log_lik.33,log_lik.34,log_lik.35,log_lik.36,log_lik.37,log_lik.38,log_lik.39,log_lik.40,log_lik.41,log_lik.42,log_lik.43,log_lik.44,log_lik.45,log_lik.46,log_lik.47,log_lik.48,log_lik.49,log_lik.50,log_lik.51,log_lik.52,log_lik.53,log_lik.54,log_lik.55,log_lik.56,log_lik.57,log_lik.58,log_lik.59,log_lik.60,log_lik.61,log_lik.62,log_lik.63,log_lik.64,log_lik.65,log_lik.66,log_lik.67,log_lik.68,log_lik.69,log_lik.70,log_lik.71,log_lik.72,log_lik.73,log_lik.74,log_lik.75,log_lik.76,log_lik.77,log_lik.78,log_lik.79,log_lik.80,log_lik.81,log_lik.82,log_lik.83,log_lik.84,log_lik.85,log_lik.86,log_lik.87,log_lik.88,log_lik.89,log_lik.90,log_lik.91,log_lik.92,log_lik.93,log_lik.94,log_lik.95,log_lik.96,log_lik.97,log_lik.98,log_lik.99,log_lik.100,log_lik.101,log_lik.102,log_lik.103,log_lik.104,log_lik.105,log_lik.106,log_lik.107,log_lik.108,log_lik.109,log_lik.110,log_lik.111,log_lik.112,log_lik.113,log_lik.114,log_lik.115,log_lik.116,log_lik.117,log_lik.118,log_lik.119,log_lik.120,log_lik.121,log_lik.122,log_lik.123,log_lik.124,log_lik.125,log_lik.126,log_lik.127,log_lik.128,log_lik.129,log_lik.130,log_lik.131,log_lik.132,log_lik.133,log_lik.134,log_lik.135,log_lik.136,log_lik.137,log_lik.138,log_lik.139,log_lik.140,log_lik.141,log_lik.142,log_lik.143,log_lik.144,log_lik.145,log_lik.146,log_lik.147,log_lik.148,log_lik.149,log_lik.150,log_lik.151,log_lik.152,log_lik.153,log_lik.154,log_lik.155,log_lik.156,log_lik.157,log_lik.158,log_lik.159,log_lik.160,log_lik.161,log_lik.162,log_lik.163,log_lik.164,log_lik.165,log_lik.166,log_lik.167,log_lik.168,log_lik.169,log_lik.170,log_lik.171,log_lik.172,log_lik.173,log_lik.174,log_lik.175,log_lik.176,log_lik.177,log_lik.178,log_lik.179,log_lik.180,log_lik.181,log_lik.182,log_lik.183,log_lik.184,log_lik.185,log_lik.186,log_lik.187,log_lik.188,log_lik.189,log_lik.190,log_lik.191,log_lik.192,log_lik.193,log_lik.194,log_lik.195,log_lik.196,log_lik.197,log_lik.198,log_lik.199,log_lik.200,log_lik.201,log_lik.202,log_lik.203,log_lik.204,log_lik.205,log_lik.206,log_lik.207,log_lik.208,log_lik.209,log_lik.210,log_lik.211,log_lik.212,log_lik.213,log_lik.214,log_lik.215,log_lik.216,log_lik.217,log_lik.218,log_lik.219,log_lik.220,log_lik.221,log_lik.222,log_lik.223,log_lik.224,log_lik.225,log_lik.226,log_lik.227,log_lik.228,log_lik.229,log_lik.230,log_lik.231,log_lik.232,log_lik.233,log_lik.234,log_lik.235,log_lik.236,log_lik.237,log_lik.238,log_lik.239,log_lik.240,log_lik.241,log_lik.242,log_lik.243,log_lik.244,log_lik.245,log_lik.246,log_lik.247,log_lik.248,log_lik.249,log_lik.250,log_lik.251,log_lik.252,log_lik.253,log_lik.254,log_lik.255,log_lik.256,log_lik.257,log_lik.258,log_lik.259,log_lik.260,log_lik.261,log_lik.262,log_lik.263,log_lik.264,log_lik.265,log_lik.266,log_lik.267,log_lik.268,log_lik.269,log_lik.270,log_lik.271,log_lik.272,log_lik.273,log_lik.274,log_lik.275,log_lik.276,log_lik.277,log_lik.278,log_lik.279,log_lik.280,log_lik.281,log_lik.282,log_lik.283,log_lik.284,log_lik.285,log_lik.286,log_lik.287,log_lik.288,log_lik.289,log_lik.290,log_lik.291,log_lik.292
# Adaptation terminated
# Step size = 2.29117e-06
# Diagonal elements of inverse mass matrix:
# 1, 1, 1, 1
-49.220468,0.97421406,2.2911677e-06,12,4095,0,50.114561,0.23724218,1.4945295,0.15024108,0.46531052,0.5,-0.32842568,0.015413241,-0.18851671,-0.1978277,0.32325788,0.062066111,0.4189301,0.44212019,0.098714018,-0.168114,-0.28548603,-0.46075193,0.12621848,0.42052281,0.26934118,-1.7947351,-0.45349977,0.087898434,-0.018035334,0.3719714,-1.5022149,0.39979554,0.48951512,0.37830066,0.4727616,-0.068470153,0.18980853,0.40388127,-0.11033596,0.091427385,-0.069546167,-0.38440017,0.41668895,-0.5080765,0.049164184,-0.39715821,-0.6318408,-0.41930616,-1.2067127,-0.33686047,-0.64279381,-0.31902092,-1.0888931,-2.0711518,-2.3379824,0.024377293,-0.13170006,-0.036965337,0.04301364,0.043831118,-0.14494562,-0.088174522,0.24567487,-0.17800387,-0.29593612,-0.84750694,-0.55477883,0.078286728,0.081594006,-0.47209249,-0.2875458,0.069308676,0.17809796,-0.029756619,-0.16578865,0.28232608,0.41754356,0.25107163,0.37279989,0.093035211,-0.51236366,0.10308214,-0.1082347,-0.17292722,0.21583327,-0.21109362,0.29125827,0.064831481,-1.2292872,-0.39750653,0.61246595,-0.13348941,0.3091552,0.29434369,0.47515617,-0.051866217,-0.023864929,-0.41630038,0.15753058,0.36989472,-0.069077193,0.2163447,-0.27689738,0.35510503,0.066136384,0.12789406,0.1774389,0.3859819,0.2132203,0.18596048,0.20440692,0.048685932,-0.1374425,-0.047533662,0.1743118,0.44577272,-0.048673594,0.42544226,0.31991177,0.075179709,0.19618384,-0.30623541,-0.58050027,-0.13514401,0.45872817,-0.20228597,0.22959836,-0.13566729,-2.8824569,0.28674043,0.062777735,0.039207774,0.22946172,0.35570533,0.37396878,0.19819996,0.32269111,-0.21432762,0.21883098,0.13817269,-0.16752926,-0.51769916,0.1000661,-0.22978021,-0.18509411,-0.13334376,-0.36320859,0.068475444,-0.44473415,-0.033626063,-0.25189566,-0.66760827,-0.47396865,-0.27866922,-0.58119684,0.11610654,-0.14651649,-0.18623226,-0.32183233,0.044163172,0.3581862,0.19641621,0.17764533,0.39896044,-0.14707686,0.19013473,0.22467505,-0.49918375,0.18016462,-0.086574926,-0.47634566,-0.092982585,0.17191184,0.018097946,-0.22461074,-0.22207724,-0.15521078,-0.34954203,-0.66636055,-0.6702829,0.35982845,-0.19615412,-0.12253826,-0.19523137,0.13035735,-0.22132643,-2.6462626,-0.14586556,-0.81614545,-0.21536519,-0.91799569,0.29724852,-0.96900956,0.091379775,-0.054943276,-0.72946646,0.059215736,0.074408912,-0.26548327,0.27249089,0.23398269,-0.13707787,0.11533043,-0.0038752484,-0.20728275,-0.55973815,0.18592383,-0.46285032,-0.19754141,-0.21190361,0.36669137,0.1447205,-0.35542701,0.33434745,0.017401029,0.42321995,-0.099454405,0.35715576,-1.0849036,-0.21047333,0.12750913,0.084817468,0.36155906,-0.8051421,0.061457135,-1.9050011,0.52390358,0.33584625,0.054958417,-0.11732073,0.15278078,-0.30235292,0.15291153,0.12275963,0.25292635,0.096408561,0.087557469,0.24037364,0.22935092,-0.17151222,-0.24585676,-0.058466993,-0.13347043,-0.071231109,-0.71759613,0.045443064,0.35726362,0.44380207,0.17397584,-0.062375104,0.07409525,-0.44462063,-0.075572985,-1.1570672,0.45957147,0.67044642,0.46089463,-1.2146168,-1.4434861,0.64415297,-0.35232518,-0.16312316,0.069621618,-0.1114659,0.016942294,0.041240085,-0.52676158,-2.727892,-0.50404704,-0.50563522,-2.3951264,-1.8543181,-2.0579911,-0.5825911,0.29852591,0.099904525,0.65353881,0.11796179,0.34067485,-1.0860925,0.060809521,0.22431861,0.055878264,0.28791477,-0.076994961,-0.1002115,-1.2643735,0.0070777137,-0.10257768,0.28975821,0.31622417,-0.11101595,-0.73950139,0.16166959,0.42929079,-0.088416497,0.046626116,-0.91650108,-0.33172051,-0.10746804,0.23929632,-1.1388362
-49.316184,1,2.2911677e-06,12,4095,0,51.354881,0.23869849,1.495967,0.14989466,0.46814082,0.5,-0.32849566,0.014673667,-0.19043762,-0.19900634,0.32186325,0.060906667,0.41696302,0.44064113,0.098272862,-0.16829919,-0.2851251,-0.45991328,0.12599689,0.4188312,0.26843442,-1.7914727,-0.45318997,0.087435853,-0.018144028,0.37034972,-1.4994875,0.39831919,0.48834323,0.37692864,0.47166306,-0.068871511,0.18856696,0.40189049,-0.11126077,0.090191912,-0.070303432,-0.3849051,0.41579311,-0.50804496,0.047911215,-0.39715772,-0.63096665,-0.41982267,-1.2048093,-0.33651502,-0.64193571,-0.31938962,-1.087362,-2.0683149,-2.3342673,0.02426868,-0.13138918,-0.036776217,0.042078655,0.043324403,-0.145634,-0.088492899,0.24394094,-0.17941173,-0.29746383,-0.84545076,-0.55315446,0.076472632,0.080868287,-0.4724245,-0.28773233,0.068706056,0.17660645,-0.030413421,-0.16596789,0.28055004,0.41680428,0.25091583,0.37251154,0.092655231,-0.51303664,0.10094228,-0.10920081,-0.17255695,0.21442944,-0.21186859,0.28927727,0.063309582,-1.2283578,-0.39812915,0.61099544,-0.13369933,0.30860103,0.29344244,0.47436342,-0.05200469,-0.024764262,-0.4160115,0.1564542,0.36832323,-0.069613248,0.21523534,-0.27854458,0.35454661,0.064692422,0.1270457,0.17614844,0.38482214,0.21200865,0.18453062,0.20276844,0.047273687,-0.13927645,-0.047560099,0.17409309,0.44513547,-0.048328109,0.42490692,0.31956346,0.074620718,0.19489803,-0.30660841,-0.57968288,-0.13486042,0.45695593,-0.20316957,0.22752241,-0.13634053,-2.8774615,0.28584699,0.062454372,0.038987539,0.22889363,0.35488127,0.37309209,0.19765446,0.32147047,-0.21444287,0.21712028,0.13711963,-0.16715716,-0.51711313,0.099924803,-0.22899721,-0.18671146,-0.13458549,-0.3626906,0.06703783,-0.44415693,-0.033922361,-0.25168343,-0.66656228,-0.47348706,-0.27826814,-0.58005619,0.11599181,-0.14609099,-0.1857291,-0.32108891,0.043450678,0.35709623,0.19505816,0.17677199,0.3978615,-0.1476592,0.18929911,0.22402711,-0.49881313,0.17952128,-0.086958872,-0.47671815,-0.093389726,0.17046477,0.017261608,-0.22420799,-0.22242288,-0.1560827,-0.34970932,-0.66552379,-0.66998064,0.35767127,-0.19648864,-0.1233861,-0.19484869,0.12958944,-0.22099252,-2.6411976,-0.1453119,-0.816674,-0.21634009,-0.91605846,0.29697761,-0.96696851,0.090126503,-0.055340213,-0.72850274,0.0581797,0.073035275,-0.26581291,0.27159125,0.23290833,-0.13807299,0.11515566,-0.0048673675,-0.20716748,-0.55924704,0.18403808,-0.46356693,-0.19880179,-0.21225309,0.36557958,0.14441754,-0.35654469,0.33402398,0.017124777,0.42170537,-0.1001216,0.35539259,-1.0831661,-0.21051834,0.12549923,0.084147087,0.36022432,-0.8044653,0.061054913,-1.9030276,0.52223921,0.33389002,0.054032207,-0.11855379,0.15056483,-0.30396773,0.15024435,0.12100143,0.2513783,0.094618717,0.085397695,0.23854966,0.22912259,-0.17312139,-0.24765702,-0.059871152,-0.13429141,-0.071672998,-0.71757407,0.045678655,0.35621842,0.44291536,0.1738702,-0.061943597,0.074308098,-0.44582886,-0.074884967,-1.1573955,0.45938626,0.66977653,0.45997758,-1.213274,-1.4410928,0.64282199,-0.35138461,-0.16298556,0.068988231,-0.11194138,0.016861816,0.04079444,-0.52562345,-2.7229223,-0.50353094,-0.50525511,-2.3911871,-1.8507536,-2.0542794,-0.58338477,0.2982756,0.10032751,0.65298785,0.1185458,0.34025594,-1.0837064,0.061294625,0.22457952,0.055876388,0.28705466,-0.07772507,-0.10008363,-1.2638889,0.0058649926,-0.10315575,0.28863457,0.3143728,-0.11158787,-0.73943539,0.16045305,0.42776703,-0.089222602,0.046519938,-0.91642314,-0.33217064,-0.10804203,0.23878336,-1.1382223
-49.617332,0.70652185,2.2911677e-06,12,4095,0,52.30056,0.239213,1.5014421,0.14998454,0.46854829,0.5,-0.32570393,0.014910739,-0.19762574,-0.19838966,0.31935625,0.060440544,0.41167112,0.43676895,0.098718646,-0.16679737,-0.282099,-0.45516188,0.1267613,0.41372811,0.26668208,-1.7774301,-0.44927484,0.087836264,-0.016592399,0.36751938,-1.487688,0.39451769,0.48414256,0.37362472,0.46795931,-0.067982863,0.18684359,0.39641262,-0.11117672,0.089909746,-0.070210198,-0.38295965,0.41420711,-0.50483455,0.047825856,-0.39449502,-0.62590958,-0.41692034,-1.1955846,-0.33327258,-0.63634789,-0.31695767,-1.0787519,-2.0536089,-2.3170837,0.025446308,-0.12877595,-0.034657331,0.041540331,0.043398701,-0.14489573,-0.08752825,0.24178714,-0.17890346,-0.29666461,-0.83707445,-0.54661459,0.074611415,0.081151069,-0.46966036,-0.28563328,0.068602049,0.17465548,-0.029644544,-0.16383629,0.27804817,0.41450575,0.25072591,0.37155135,0.09307979,-0.51021905,0.09850266,-0.10897228,-0.16950298,0.21222084,-0.21103875,0.28505219,0.0613928,-1.2208864,-0.39676791,0.60719756,-0.13107317,0.30855953,0.29289556,0.47286336,-0.049828627,-0.025293879,-0.41156517,0.15471198,0.36370294,-0.069550751,0.21278894,-0.28561675,0.35201111,0.064528283,0.12733387,0.1755325,0.38319604,0.21132931,0.18363054,0.20137078,0.046925547,-0.14503849,-0.045465926,0.17501756,0.44416344,-0.045200254,0.42461405,0.32026807,0.076225959,0.19485051,-0.30576382,-0.57583617,-0.13359011,0.45394066,-0.2012374,0.22547791,-0.13463818,-2.8552902,0.28525165,0.063907324,0.040810265,0.22942503,0.35449454,0.37262917,0.19865391,0.31690273,-0.21097712,0.21286996,0.1375597,-0.16576172,-0.51375579,0.099414106,-0.22645122,-0.18586502,-0.13359058,-0.35965066,0.066586531,-0.44051224,-0.032356043,-0.24833959,-0.66008569,-0.46986215,-0.2756041,-0.57486565,0.11626646,-0.14367455,-0.182907,-0.31720062,0.043565343,0.35478701,0.1933134,0.17577863,0.39500707,-0.14664912,0.18819099,0.22302838,-0.49434646,0.17931332,-0.085901917,-0.47342741,-0.092295763,0.16897983,0.017450444,-0.22128852,-0.22043113,-0.15524575,-0.34680395,-0.65980449,-0.66501538,0.35325098,-0.19453877,-0.12276612,-0.19182826,0.12939955,-0.21797243,-2.6203084,-0.14217933,-0.81251513,-0.21572384,-0.90725585,0.29706655,-0.9575913,0.088506254,-0.055005621,-0.72176634,0.058389472,0.072532962,-0.26397822,0.26985128,0.23186247,-0.13774809,0.11610859,-0.0052567351,-0.20421947,-0.55425772,0.18132535,-0.46142074,-0.19879466,-0.21101504,0.36400931,0.14529333,-0.35574704,0.33406364,0.018794338,0.41920728,-0.09862919,0.35260872,-1.0746902,-0.20862279,0.12376751,0.08381551,0.35789663,-0.79819517,0.061799606,-1.8903987,0.51740395,0.32946628,0.053489331,-0.11853769,0.14768506,-0.30357865,0.1464375,0.11880761,0.24875443,0.09272407,0.083002618,0.23564905,0.22924126,-0.17348692,-0.24793782,-0.06059714,-0.13376134,-0.07042881,-0.71255751,0.046940356,0.35386529,0.44022818,0.17426097,-0.059509756,0.075925725,-0.44437112,-0.071628881,-1.1515633,0.45895634,0.66683021,0.45843546,-1.2052473,-1.4289206,-0.060683674,-0.34624685,-0.15992998,0.069748041,-0.11026433,0.018391383,0.041612786,-0.51995599,-2.7018533,-0.49898406,-0.50100605,-2.3734354,-1.8360024,-2.0384378,-0.58016367,0.29777795,0.10197919,0.64926642,0.12071583,0.33985332,-1.0733222,0.063796606,0.22610037,0.05779506,0.28649845,-0.077667566,-0.098776438,-1.25529,0.0060174579,-0.10159737,0.28751474,0.31198319,-0.10987705,-0.73391119,0.15990344,0.42510765,-0.089359544,0.048199349,-0.91147469,-0.33064443,-0.10762753,0.23878817,-1.1313618
-49.245318,1,2.2911677e-06,12,4095,0,49.94516,0.23863307,1.4946721,0.15013973,0.46750858,0.5,-0.3285804,0.015192984,-0.18871493,-0.19859654,0.32298483,0.061579694,0.41854507,0.44200265,0.098753923,-0.1680678,-0.28524887,-0.4604452,0.12641085,0.42038774,0.26941189,-1.7942198,-0.45353824,0.087926937,-0.017919982,0.37152587,-1.5016983,0.39967887,0.48974841,0.37820355,0.47299412,-0.068497788,0.18953158,0.40350326,-0.11070849,0.090816391,-0.069747501,-0.38479547,0.41672507,-0.50822838,0.048487501,-0.39720649,-0.6315754,-0.41995434,-1.2064136,-0.33669378,-0.64267692,-0.3193976,-1.0888287,-2.0712465,-2.3377797,0.024584794,-0.1314097,-0.03667802,0.042779288,0.04389312,-0.14523438,-0.08813433,0.24498165,-0.17898542,-0.29711254,-0.84682955,-0.55409116,0.077456096,0.081376802,-0.47251211,-0.2876492,0.06931401,0.17761533,-0.030021222,-0.1658923,0.28166307,0.41789039,0.25156141,0.37332792,0.093143861,-0.51315227,0.10204752,-0.10868667,-0.17268381,0.215497,-0.211494,0.29073095,0.064319153,-1.2295618,-0.39787538,0.61230195,-0.1337447,0.30919826,0.29414323,0.47527773,-0.051934476,-0.024061512,-0.41649042,0.15743183,0.36982714,-0.069040195,0.21636588,-0.27678011,0.35569405,0.065280054,0.12754881,0.17685054,0.38575597,0.21272857,0.18529461,0.20364116,0.047907723,-0.13769732,-0.047465218,0.17447106,0.44594194,-0.048465209,0.42556648,0.31999717,0.07481783,0.19546512,-0.30621569,-0.57999046,-0.1345514,0.45815249,-0.20307525,0.22852749,-0.13617955,-2.8821606,0.28655946,0.062696769,0.03914433,0.22935353,0.35554945,0.37377621,0.19800354,0.32298531,-0.21469092,0.21860302,0.13757831,-0.16687515,-0.5173089,0.10064947,-0.22898363,-0.18637892,-0.13427398,-0.3628118,0.067695804,-0.44442641,-0.033709936,-0.2518903,-0.66751392,-0.47375563,-0.27830065,-0.58068631,0.11652758,-0.14605938,-0.18579459,-0.32140928,0.044000764,0.35818114,0.19602279,0.17758012,0.39905214,-0.14732282,0.19013532,0.22484352,-0.49929593,0.18015181,-0.086626064,-0.47694041,-0.093067078,0.17136691,0.017788683,-0.22430253,-0.22232033,-0.1557156,-0.34982673,-0.66629898,-0.67059158,0.35913768,-0.19637512,-0.12296439,-0.19496775,0.13021069,-0.22111448,-2.645572,-0.14544882,-0.81711415,-0.21592039,-0.91754882,0.29755479,-0.96859546,0.091073722,-0.054829069,-0.72952391,0.058693093,0.073707979,-0.26567029,0.27256586,0.23371929,-0.1375836,0.11552605,-0.0042041768,-0.2072805,-0.55985475,0.18520529,-0.46351548,-0.19824163,-0.21196244,0.3665036,0.14480236,-0.35617161,0.33461208,0.01731472,0.42281025,-0.099908378,0.35655723,-1.0845907,-0.2103789,0.12644041,0.084807124,0.36130557,-0.80538541,0.06146475,-1.905476,0.52372112,0.33536694,0.054733923,-0.11799812,0.1517623,-0.30351575,0.15162973,0.12206169,0.25252876,0.095609473,0.086493244,0.23975288,0.22969264,-0.17248384,-0.24704546,-0.059139817,-0.13384575,-0.071388805,-0.71820989,0.045989058,0.35731402,0.44407155,0.17437936,-0.061912747,0.074533036,-0.44562467,-0.075041251,-1.1582399,0.46008912,0.67094476,0.46089754,-1.2146014,-1.4434068,0.64423634,-0.35199923,-0.16312178,0.06938501,-0.11176554,0.017093603,0.041184234,-0.52636853,-2.727348,-0.50402733,-0.50568361,-2.3948313,-1.8536635,-2.0574563,-0.58360635,0.29898924,0.10055408,0.65427845,0.11865748,0.34094179,-1.0855681,0.061319677,0.22483953,0.056019792,0.28775903,-0.077158868,-0.099790606,-1.2653988,0.0063851061,-0.10295503,0.28945927,0.31545548,-0.11142451,-0.74019625,0.16114228,0.42890364,-0.088610758,0.046715871,-0.91703342,-0.33195392,-0.10755734,0.23936941,-1.1392884
-49.270927,0.70124694,2.2911677e-06,12,4095,0,51.271052,0.23724429,1.5005641,0.15065655,0.46956295,0.5,-0.32464229,0.016369885,-0.19643763,-0.19621342,0.32112417,0.062346955,0.41353221,0.4383041,0.099795113,-0.16585512,-0.28160533,-0.45497403,0.12759313,0.41524065,0.26792714,-1.7786787,-0.4485112,0.088933008,-0.015748797,0.36953296,-1.488661,0.39607407,0.48513507,0.37515928,0.46898133,-0.066865557,0.1885807,0.39825802,-0.10948446,0.091967197,-0.068757039,-0.38145847,0.41547053,-0.50382588,0.049951815,-0.39356253,-0.62570539,-0.41519274,-1.1959411,-0.33270804,-0.63600467,-0.31554668,-1.0787102,-2.0540983,-2.3182899,0.02620656,-0.1283009,-0.034115928,0.043108497,0.044486849,-0.14339782,-0.086513094,0.24413268,-0.1764221,-0.29394595,-0.83783597,-0.54715917,0.077145667,0.082601356,-0.46822813,-0.28455738,0.069787473,0.17670131,-0.028186057,-0.16276292,0.28037083,0.4153706,0.2512484,0.37208648,0.094063596,-0.50828405,0.10137396,-0.10718862,-0.16901469,0.21407851,-0.20939611,0.28724525,0.06349508,-1.2202277,-0.39522433,0.60871568,-0.12984512,0.30968992,0.29441021,0.47399611,-0.048802737,-0.02377396,-0.4106537,0.15620917,0.36518471,-0.068420728,0.21416781,-0.28476161,0.35256253,0.066909415,0.12895933,0.17759101,0.38483019,0.21326012,0.18582576,0.20375302,0.049220578,-0.1435447,-0.044620349,0.17588168,0.44519787,-0.044656772,0.42566104,0.32127346,0.077732079,0.19703195,-0.3046911,-0.57581436,-0.13337056,0.45611808,-0.19919741,0.22834022,-0.13295184,-2.8572393,0.28674203,0.065037741,0.04187506,0.23070348,0.35593377,0.37412683,0.20000543,0.31789862,-0.2097004,0.21467857,0.13951397,-0.16564063,-0.51350829,0.09984744,-0.22666769,-0.18301013,-0.13124343,-0.3593767,0.06889357,-0.44019024,-0.031241218,-0.24756298,-0.65981663,-0.46940714,-0.27524595,-0.57501386,0.11683617,-0.14340649,-0.18266105,-0.31706493,0.044959087,0.35616059,0.19521406,0.1771527,0.39625653,-0.14524404,0.18948422,0.22407547,-0.49354876,0.18053354,-0.084771821,-0.47182083,-0.091124043,0.17106812,0.019037666,-0.22087782,-0.21915005,-0.15346294,-0.34557677,-0.65940039,-0.66400904,0.35563962,-0.19328288,-0.12106535,-0.19136639,0.13080347,-0.21744058,-2.6226387,-0.14193708,-0.81049084,-0.21384059,-0.90775257,0.29781893,-0.95810971,0.090287827,-0.054017095,-0.72131986,0.060268746,0.074738563,-0.26275335,0.27108963,0.23351204,-0.13589951,0.11691457,-0.0035723745,-0.20338936,-0.55351846,0.18376328,-0.45956934,-0.19663352,-0.20989312,0.36558844,0.14626707,-0.35361504,0.33488013,0.019906092,0.42114384,-0.096996168,0.35483924,-1.0749729,-0.20779379,0.126611,0.085048883,0.35961743,-0.79744115,0.062885723,-1.8901044,0.51893008,0.33156568,0.055043606,-0.11641542,0.1505625,-0.30082288,0.14974597,0.121185,0.25072105,0.095216651,0.08591458,0.23794914,0.22993773,-0.17090727,-0.24506333,-0.058394339,-0.13211891,-0.069174424,-0.71113757,0.047225172,0.35516353,0.44120834,0.17484249,-0.059246538,0.076323289,-0.44196449,-0.071550435,-1.1494559,0.4594668,0.66740587,0.45973858,-1.2050607,-1.4293305,-0.059566632,-0.34611724,-0.15910713,0.071170393,-0.10886642,0.01918936,0.042777714,-0.51999653,-2.7040076,-0.49837824,-0.5002705,-2.3748398,-1.8375294,-2.0399358,-0.57796625,0.29836617,0.1020828,0.64945874,0.12070555,0.34070723,-1.074114,0.06400192,0.22641173,0.058569767,0.28795229,-0.076260636,-0.098327158,-1.2537452,0.0081379279,-0.10007771,0.28921817,0.3144391,-0.10833218,-0.73244259,0.16187179,0.42701771,-0.087885605,0.049068988,-0.91014658,-0.32931321,-0.1063651,0.23986842,-1.130383
-48.8814,1,2.2911677e-06,12,4095,0,51.204893,0.23663089,1.4976645,0.15156813,0.46820886,0.5,-0.32400222,0.018347701,-0.19256426,-0.19428351,0.32437537,0.064746739,0.4175773,0.4419118,0.10160075,-0.16459134,-0.28118225,-0.45546571,0.12920318,0.41915738,0.27077442,-1.7840814,-0.44848645,0.09076467,-0.014525453,0.37294227,-1.4928936,0.39969664,0.4886569,0.37863205,0.47239826,-0.065267757,0.19152867,0.40235108,-0.10737623,0.094301212,-0.066700847,-0.38030642,0.41822068,-0.50339781,0.052205399,-0.39287671,-0.62635108,-0.41448814,-1.1987741,-0.33238241,-0.63688967,-0.31466308,-1.0811628,-2.0596981,-2.32526,0.027599318,-0.12766889,-0.033223218,0.045484522,0.046476418,-0.14165354,-0.084970925,0.24737404,-0.17438566,-0.29200314,-0.84030005,-0.54865857,0.080333873,0.084552013,-0.4674997,-0.28356554,0.071881274,0.17981341,-0.026469949,-0.16179077,0.28374538,0.41831994,0.2532547,0.37443503,0.095862379,-0.50749357,0.10488751,-0.10513843,-0.16859956,0.21725928,-0.2076655,0.29122785,0.066633644,-1.221981,-0.39375992,0.61216903,-0.12908407,0.31174595,0.29676715,0.47667745,-0.047851744,-0.021400911,-0.41086224,0.15912714,0.3690406,-0.066408339,0.2173552,-0.28082778,0.35555889,0.069249729,0.13094432,0.18008539,0.38767854,0.2157587,0.18847824,0.20667047,0.051635627,-0.13970761,-0.043661062,0.17742766,0.44764684,-0.044243467,0.42782333,0.32297139,0.079061301,0.19927955,-0.30305589,-0.57588045,-0.13212254,0.45959232,-0.19795219,0.23163983,-0.13165352,-2.8668318,0.28911928,0.066370627,0.043016758,0.23251828,0.35820909,0.37644832,0.20161264,0.32166754,-0.20934195,0.21863653,0.14148763,-0.16447227,-0.51329134,0.10199557,-0.22613482,-0.18107659,-0.12947584,-0.35900349,0.071361866,-0.44011118,-0.029974252,-0.24724062,-0.66115108,-0.4692933,-0.27466947,-0.57579082,0.1186303,-0.14271966,-0.18217927,-0.31713451,0.046982573,0.35923946,0.19819969,0.17969639,0.39949959,-0.14365294,0.19206504,0.22655498,-0.49379323,0.18267881,-0.083255926,-0.47133226,-0.089619164,0.17397542,0.021062562,-0.22041513,-0.21807105,-0.15171688,-0.34496524,-0.66034249,-0.66446704,0.35966815,-0.19218775,-0.11922752,-0.19094097,0.13297474,-0.21700488,-2.6316547,-0.14160076,-0.81034169,-0.21195834,-0.9103823,0.29974246,-0.96102489,0.093219424,-0.052165921,-0.72275821,0.062334205,0.077209837,-0.26160506,0.27392825,0.23612633,-0.13388617,0.11843026,-0.0012436514,-0.20286299,-0.55403375,0.18728447,-0.45845308,-0.19439437,-0.20846328,0.36840472,0.14785289,-0.35176436,0.3368429,0.021124399,0.4243915,-0.095605566,0.3582823,-1.0774184,-0.20674849,0.1297831,0.087258746,0.36277596,-0.79859582,0.064549222,-1.8945151,0.52268606,0.33554832,0.057417993,-0.11419969,0.15425461,-0.29866176,0.15391158,0.12448572,0.25408612,0.098405985,0.089418705,0.2415001,0.23183381,-0.16840778,-0.24254274,-0.055796375,-0.13024467,-0.067728872,-0.71154642,0.048490933,0.35824491,0.44431254,0.17658636,-0.058559915,0.07744197,-0.44039602,-0.071290277,-1.1501143,0.46158392,0.67037936,0.46247265,-1.2071867,-1.4336381,-0.056061505,-0.34678824,-0.15862931,0.07288763,-0.10760875,0.020418679,0.044419072,-0.52098086,-2.7130872,-0.49869615,-0.50041694,-2.3821282,-1.8433344,-2.0462843,-0.57733132,0.30052467,0.10313426,0.65252721,0.12149677,0.34287259,-1.077578,0.064666977,0.22758641,0.059611862,0.29030097,-0.074194532,-0.097055727,-1.2559255,0.010276481,-0.098740282,0.29186992,0.31778297,-0.10706598,-0.73309887,0.16431701,0.43031759,-0.085708474,0.050242137,-0.91051541,-0.32798198,-0.10450257,0.24188995,-1.1317783
-48.763431,1,2.2911677e-06,12,4095,0,48.992789,0.23708704,1.4986373,0.15165389,0.46801085,0.5,-0.32335612,0.018538135,-0.19385762,-0.19417129,0.32406272,0.06474585,0.41668121,0.44137085,0.10189618,-0.1641139,-0.28039288,-0.45436205,0.12959413,0.41836316,0.27068955,-1.781335,-0.44761724,0.091048771,-0.014019949,0.37252261,-1.4905295,0.39917421,0.48813329,0.37821213,0.47197618,-0.06491483,0.19135991,0.40141894,-0.10725278,0.094300513,-0.066530789,-0.37986889,0.41815473,-0.50267987,0.052220871,-0.39222502,-0.62520701,-0.41395329,-1.1969083,-0.33157384,-0.63569426,-0.3141377,-1.0794648,-2.0569983,-2.3220586,0.028064355,-0.12693515,-0.032574447,0.045537442,0.046712839,-0.14139456,-0.084586952,0.2470196,-0.17434805,-0.29196667,-0.83847625,-0.54714503,0.079998594,0.084752474,-0.466929,-0.28302546,0.072071251,0.17955131,-0.026199117,-0.16124354,0.28333474,0.41820186,0.25355734,0.37461045,0.09617216,-0.50700973,0.10439702,-0.10501068,-0.16780137,0.21698776,-0.2074206,0.29052681,0.066372326,-1.2205665,-0.39341475,0.61161618,-0.12849043,0.31195876,0.2968267,0.47664799,-0.047285986,-0.021336456,-0.40994097,0.15900298,0.36836981,-0.066179664,0.21713471,-0.28199658,0.35546259,0.069202737,0.13111008,0.18002999,0.38753633,0.21571773,0.18835307,0.20643143,0.051577564,-0.1406962,-0.043074426,0.17783844,0.4477265,-0.043438791,0.42801429,0.32332817,0.079453402,0.19929086,-0.30269564,-0.57487816,-0.13153947,0.4590991,-0.19762122,0.2312052,-0.13128953,-2.862754,0.28917349,0.066807701,0.043522679,0.23279027,0.358308,0.37652427,0.2019433,0.32110514,-0.20863365,0.21801622,0.14161474,-0.1638508,-0.51240311,0.10226839,-0.22527864,-0.18106233,-0.12934334,-0.35816775,0.071284279,-0.43919545,-0.029520292,-0.24645825,-0.65980916,-0.46840618,-0.27390601,-0.57455777,0.11899689,-0.14197487,-0.18137,-0.31614659,0.047167892,0.35903154,0.19799755,0.17971254,0.39921218,-0.14333625,0.19207783,0.22663057,-0.49284896,0.18284638,-0.082879682,-0.47071664,-0.089245242,0.17377959,0.021221017,-0.2196244,-0.21758541,-0.15149823,-0.34433326,-0.65913801,-0.66348926,0.3588819,-0.19170331,-0.11902494,-0.19014441,0.13311047,-0.21622215,-2.6276899,-0.1407431,-0.80967549,-0.21179055,-0.90854677,0.3000473,-0.95909881,0.093063461,-0.051871357,-0.72141019,0.062440847,0.077145882,-0.26113079,0.27384738,0.23608031,-0.13375434,0.11885422,-0.0011893179,-0.20214788,-0.55300164,0.18682524,-0.45805072,-0.19436773,-0.20805773,0.36828324,0.1482342,-0.35161318,0.33712791,0.021598301,0.42404122,-0.09526056,0.35783259,-1.0756766,-0.20618962,0.12940752,0.087406378,0.36249885,-0.79737894,0.064886932,-1.8922704,0.52192196,0.33481693,0.057472603,-0.11416602,0.15368903,-0.29869042,0.15310862,0.12412633,0.25372296,0.098074106,0.088929807,0.24102931,0.23215159,-0.16851672,-0.24269333,-0.05589036,-0.13004429,-0.06734856,-0.71064056,0.049060298,0.35804305,0.44410027,0.17696798,-0.057810345,0.078045533,-0.44020059,-0.070378971,-1.1492144,0.46185318,0.67016104,0.46240543,-1.2056008,-1.4313243,-0.056742652,-0.34561002,-0.15789486,0.073164297,-0.10719178,0.020929803,0.044752763,-0.51969731,-2.7091317,-0.4977039,-0.49949387,-2.3788064,-1.84043,-2.0432252,-0.57683786,0.30076617,0.10380011,0.652212,0.1222667,0.34308097,-1.0754497,0.065444867,0.22819935,0.060190744,0.29037107,-0.074020281,-0.096512992,-1.2545149,0.01032823,-0.098363642,0.29180187,0.3173642,-0.10667105,-0.73212728,0.16429029,0.42994283,-0.085575244,0.050764344,-0.90959869,-0.32757274,-0.10424646,0.24211732,-1.1305135
-48.616756,1,2.2911677e-06,12,4095,0,49.504411,0.23680291,1.4971868,0.15203862,0.4664954,0.5,-0.32319268,0.019373493,-0.19192068,-0.193371,0.32555028,0.065789304,0.41861783,0.44306458,0.10264965,-0.16363352,-0.28033161,-0.45475933,0.13025147,0.42023728,0.27197447,-1.7841954,-0.44776088,0.091815159,-0.013558697,0.37409072,-1.492802,0.40087137,0.48980303,0.37982568,0.47358155,-0.064267581,0.19268691,0.40338334,-0.10635565,0.095308752,-0.065656385,-0.3794534,0.41939187,-0.50262355,0.0531871,-0.39203716,-0.62568221,-0.41376622,-1.1984816,-0.33156272,-0.63629227,-0.31385587,-1.0808511,-2.0599687,-2.3257119,0.028612597,-0.12676834,-0.03227682,0.046573306,0.047559353,-0.14067872,-0.083966543,0.24848926,-0.17349778,-0.2911677,-0.83985876,-0.54804328,0.081433982,0.085574443,-0.46672656,-0.28268459,0.072969408,0.18095751,-0.025496411,-0.16091229,0.28487503,0.4195519,0.25442123,0.37565092,0.096923455,-0.50678262,0.10599429,-0.10414394,-0.16774452,0.21843338,-0.20671411,0.29239467,0.067788367,-1.2216094,-0.392843,0.61324136,-0.12826854,0.31283857,0.29785509,0.47785241,-0.046965411,-0.020302293,-0.41020485,0.16031765,0.37019879,-0.065323084,0.21859211,-0.28003865,0.35684164,0.070209413,0.13194686,0.18112007,0.38881729,0.21681203,0.1895219,0.2077331,0.052623254,-0.13882998,-0.042747174,0.17846226,0.4488108,-0.043385409,0.42894943,0.32402572,0.07995831,0.20025332,-0.30203109,-0.57505865,-0.13105737,0.46070258,-0.19716479,0.2326959,-0.13080156,-2.8677232,0.29021255,0.067319969,0.043938745,0.2335447,0.35929537,0.37753442,0.20259076,0.32289441,-0.20861648,0.21987395,0.14244098,-0.16340777,-0.51244343,0.10320504,-0.2251523,-0.18026887,-0.12862682,-0.35812875,0.072356869,-0.43930576,-0.029040694,-0.24645207,-0.66063388,-0.46850078,-0.27376528,-0.57509454,0.11975174,-0.14177723,-0.18127585,-0.31632982,0.048027475,0.3604375,0.19934154,0.18083794,0.40070978,-0.14269652,0.19322356,0.22772862,-0.49312916,0.18377074,-0.082274047,-0.47063719,-0.088645742,0.17508006,0.022078484,-0.21954207,-0.21720293,-0.15078526,-0.34418639,-0.65976561,-0.66388022,0.36077727,-0.19131231,-0.11826436,-0.19008185,0.13404527,-0.21615518,-2.6323629,-0.14072311,-0.80977495,-0.21101078,-0.91001655,0.3008651,-0.96071304,0.094379295,-0.051094281,-0.72228953,0.063315047,0.078221548,-0.26071274,0.27512807,0.23723824,-0.13290722,0.1194639,-0.0001794773,-0.20203911,-0.553418,0.18843631,-0.45765829,-0.19341156,-0.2074961,0.3695482,0.14887699,-0.35085404,0.33796455,0.022053006,0.42552724,-0.094725088,0.35941339,-1.0770551,-0.20581815,0.13083122,0.088362976,0.36393989,-0.79811868,0.065568025,-1.8946509,0.52371713,0.33669263,0.058507953,-0.11322016,0.15537987,-0.29778224,0.15503846,0.12562272,0.25526371,0.099511188,0.090521234,0.24266052,0.23295643,-0.16743444,-0.24160524,-0.054752018,-0.12926468,-0.066780162,-0.71101225,0.049550646,0.35945177,0.44553187,0.17769697,-0.057613319,0.078459251,-0.43958766,-0.070396392,-1.1497244,0.46277406,0.67154721,0.46363409,-1.2068249,-1.4336429,-0.055061665,-0.34609889,-0.157811,0.073867978,-0.10672046,0.021394509,0.045421549,-0.520341,-2.7138388,-0.49801871,-0.49972371,-2.3826179,-1.8434901,-2.0465604,-0.57669287,0.30170723,0.10418358,0.65366897,0.12251865,0.34402142,-1.077338,0.06563006,0.22864083,0.060560181,0.2913962,-0.073140319,-0.096022015,-1.2557838,0.011236013,-0.097853554,0.29297878,0.31888713,-0.10619735,-0.7326245,0.16535662,0.43145748,-0.084640239,0.051199244,-0.9099509,-0.32706447,-0.10346761,0.2429805,-1.1313794
-48.626076,0.90796311,2.2911677e-06,12,4095,0,52.772252,0.23610496,1.5040684,0.15142491,0.46501426,0.5,-0.32134841,0.018027418,-0.20110938,-0.19370552,0.32088806,0.063814103,0.41108376,0.43676924,0.10131269,-0.16363377,-0.27857456,-0.45087007,0.12916473,0.41267131,0.2678779,-1.7686349,-0.44459607,0.090432621,-0.0135667,0.36922951,-1.4801095,0.3946209,0.48288631,0.37409711,0.46717144,-0.064975666,0.1889457,0.39564599,-0.10775626,0.093689777,-0.067209885,-0.3784622,0.41555451,-0.50025253,0.051880803,-0.39046585,-0.62135753,-0.41129586,-1.1888644,-0.32945995,-0.63114329,-0.31225266,-1.0717874,-2.0429623,-2.305829,0.028039009,-0.12559699,-0.031736132,0.044257159,0.045730336,-0.14132613,-0.084645126,0.24463307,-0.17375969,-0.29087487,-0.83171723,-0.54226551,0.078035,0.084283503,-0.46466291,-0.2817765,0.070971627,0.17713112,-0.026123709,-0.15996225,0.28057764,0.41457902,0.25184459,0.37209188,0.095492469,-0.50428952,0.10207672,-0.10528075,-0.16596727,0.21415867,-0.20713906,0.28597703,0.064005215,-1.2136855,-0.39263603,0.60719112,-0.12654601,0.31087627,0.29550604,0.47404305,-0.046002885,-0.02265238,-0.40621766,0.15637242,0.36300719,-0.067151642,0.21368377,-0.28956136,0.35134059,0.06898127,0.13078847,0.17906312,0.38517959,0.21458233,0.18718485,0.20487395,0.051084037,-0.1467333,-0.042021705,0.17760302,0.4455842,-0.041503694,0.42658744,0.32293903,0.080473346,0.19903451,-0.30286591,-0.57252823,-0.13189226,0.45578717,-0.19579215,0.22933633,-0.12999503,-2.8415605,0.28778604,0.067372608,0.044441025,0.23244968,0.35709775,0.37527746,0.20216835,0.31538689,-0.20571974,0.2130942,0.14171659,-0.16414518,-0.51042128,0.10012731,-0.22456011,-0.1797964,-0.12831109,-0.35651257,0.070690233,-0.4368291,-0.028832444,-0.24406529,-0.65433369,-0.46595668,-0.27260057,-0.57084228,0.11782478,-0.14101839,-0.17998118,-0.31365993,0.046469553,0.35576593,0.19568758,0.17779722,0.3953272,-0.14303766,0.1899771,0.22445887,-0.48918753,0.18166239,-0.08274509,-0.46772366,-0.089036914,0.17189221,0.020758855,-0.21799353,-0.21629292,-0.15109333,-0.3420693,-0.65439472,-0.65910811,0.35434953,-0.19047744,-0.11892632,-0.18836382,0.13208985,-0.21438465,-2.608235,-0.13902031,-0.80540409,-0.21155852,-0.90110209,0.29880924,-0.95103841,0.09077376,-0.052648729,-0.71550673,0.062232062,0.076412204,-0.26006122,0.27104266,0.23433094,-0.13387109,0.11861193,-0.0022182052,-0.20015485,-0.54880427,0.18390419,-0.45615027,-0.19460043,-0.20773392,0.36593842,0.14803637,-0.35100022,0.33588477,0.022387759,0.42103751,-0.094244871,0.35474539,-1.0684084,-0.20536421,0.12783765,0.086092561,0.35948475,-0.79174184,0.064641824,-1.8799338,0.51656824,0.33004941,0.056177601,-0.11440924,0.15092024,-0.29803556,0.14971426,0.1216893,0.2505559,0.096042767,0.086682543,0.23782922,0.23090892,-0.16883182,-0.24269142,-0.056889478,-0.13009287,-0.066907588,-0.70587483,0.048749448,0.35467545,0.44019363,0.1759319,-0.056845082,0.07820829,-0.43863362,-0.068664708,-1.1430307,0.45986404,0.66582364,0.45988603,-1.198468,-1.4200526,-0.062139479,-0.34175943,-0.15579521,0.073199691,-0.10615676,0.021320779,0.044651466,-0.51537209,-2.6893298,-0.49410432,-0.496122,-2.362099,-1.8271637,-2.0287198,-0.5734616,0.29877488,0.10376419,0.64692902,0.12269532,0.34139455,-1.0664909,0.066413131,0.22815857,0.06097792,0.28899195,-0.074777545,-0.096638462,-1.2456652,0.010246434,-0.097364847,0.29001818,0.31483581,-0.10548413,-0.72675681,0.16332198,0.42676097,-0.086498415,0.051370281,-0.90500232,-0.32676973,-0.10472423,0.24105253,-1.1240607
-48.803326,1,2.2911677e-06,12,4095,0,51.572691,0.23438086,1.4943935,0.15206972,0.46647409,0.5,-0.32445263,0.019423431,-0.1882008,-0.19264597,0.32699603,0.066583473,0.42162863,0.44494561,0.10219046,-0.16458867,-0.28230964,-0.45766546,0.12940437,0.42276516,0.27252476,-1.7918116,-0.44973532,0.091399632,-0.014654245,0.37596504,-1.49937,0.40270878,0.4913094,0.3813916,0.47484293,-0.064820569,0.19376726,0.40648313,-0.10597956,0.096196089,-0.065554691,-0.37992675,0.41990363,-0.50407529,0.054090948,-0.39339474,-0.62866389,-0.41430893,-1.2034878,-0.33354159,-0.63928993,-0.3145937,-1.0851931,-2.0669567,-2.3343312,0.027554247,-0.12863692,-0.033909115,0.047011815,0.047248195,-0.1407567,-0.084661924,0.25041102,-0.17239246,-0.28989186,-0.84506643,-0.552402,0.083442967,0.085583454,-0.46754665,-0.2836856,0.072837008,0.1824622,-0.025633739,-0.16194498,0.2869178,0.41993751,0.25356581,0.37510226,0.096367592,-0.50706555,0.10859118,-0.10371879,-0.16975956,0.21983946,-0.20665301,0.29508542,0.069331059,-1.2248737,-0.39307576,0.61515615,-0.12930597,0.31260081,0.29823806,0.47819377,-0.048078929,-0.019918195,-0.41219858,0.16112517,0.37237256,-0.06558849,0.21954914,-0.27688336,0.35696026,0.071445853,0.13217394,0.1821535,0.38977062,0.21772197,0.19080808,0.20941335,0.05382456,-0.1357588,-0.044025356,0.17759029,0.4488231,-0.045384122,0.42870006,0.32336036,0.079565752,0.20120339,-0.30263668,-0.57785015,-0.13276651,0.46287722,-0.19702316,0.23516837,-0.13097544,-2.8788283,0.29060734,0.066583144,0.042996753,0.23328168,0.3595422,0.37787407,0.20224082,0.32446981,-0.2098703,0.22208694,0.14298093,-0.16527816,-0.51482964,0.10234951,-0.22779035,-0.17884038,-0.12781582,-0.36038204,0.073621493,-0.44170669,-0.029817298,-0.24820985,-0.66401217,-0.47074172,-0.27579212,-0.57853572,0.11877372,-0.14382532,-0.18348543,-0.31901997,0.048036346,0.36136751,0.20060262,0.18123329,0.40176365,-0.14296939,0.19357417,0.22776507,-0.49525021,0.18370758,-0.082876108,-0.47144887,-0.089214493,0.17645692,0.022292111,-0.22158669,-0.21794484,-0.15057097,-0.34530489,-0.66275127,-0.66593291,0.36380722,-0.19207036,-0.11807469,-0.19210354,0.13418133,-0.21809719,-2.643493,-0.14304381,-0.81040321,-0.21060846,-0.91506288,0.30015359,-0.96598244,0.095458013,-0.051599247,-0.72557397,0.063842626,0.079369517,-0.26147347,0.27565817,0.23797031,-0.13245923,0.1185279,0.00033479166,-0.20361928,-0.55577488,0.19066598,-0.45781888,-0.19250477,-0.20816951,0.37041179,0.14815121,-0.35024918,0.33734723,0.021209439,0.42718006,-0.094906936,0.36150176,-1.0817329,-0.20704732,0.1331415,0.088349999,0.36527831,-0.80087736,0.065026365,-1.9000594,0.52619244,0.33940106,0.058933011,-0.11235948,0.1581525,-0.29634073,0.15867281,0.12757553,0.25695751,0.10147211,0.09313332,0.24483308,0.23218672,-0.16592776,-0.23980004,-0.053535565,-0.12910824,-0.067304618,-0.71261118,0.047919355,0.36031941,0.44622607,0.17669849,-0.059672607,0.076822543,-0.43888915,-0.07295989,-1.1508239,0.46197617,0.6720145,0.46417542,-1.2108129,-1.4397074,-0.053041073,-0.34922439,-0.15944463,0.073694134,-0.10722578,0.020257007,0.04494365,-0.52381229,-2.7248191,-0.50037768,-0.50183419,-2.3916384,-1.851658,-2.0550573,-0.5768173,0.30103807,0.10219777,0.65415329,0.12020601,0.34359871,-1.0832592,0.063450068,0.22690638,0.059232218,0.29170906,-0.073083647,-0.097468505,-1.2584413,0.012058974,-0.098187099,0.29379209,0.32103873,-0.10655763,-0.73434132,0.16625324,0.43315268,-0.084445204,0.050077831,-0.91163403,-0.32759856,-0.10370427,0.24268366,-1.134097
-48.931808,1,2.2911677e-06,12,4095,0,50.104059,0.23447172,1.4919264,0.15210071,0.46740361,0.5,-0.32557511,0.019463317,-0.1849253,-0.19291367,0.32827121,0.066882169,0.42409198,0.44685642,0.10219841,-0.16506757,-0.28344472,-0.45957916,0.12930389,0.42520499,0.2735425,-1.7979684,-0.45134818,0.09142537,-0.015136788,0.37734259,-1.5044904,0.40459192,0.49344002,0.38306137,0.47675939,-0.06503433,0.19468987,0.40902881,-0.10590658,0.096380828,-0.065444683,-0.38071765,0.42083707,-0.50539153,0.054169266,-0.39443282,-0.63073132,-0.41560226,-1.2074724,-0.33479385,-0.6416374,-0.3156041,-1.08895,-2.0735692,-2.3420161,0.027266037,-0.12956629,-0.034610309,0.047404213,0.047430889,-0.14096466,-0.084894436,0.25142887,-0.17266148,-0.29034189,-0.84856088,-0.55504408,0.084297642,0.085604028,-0.46872147,-0.28447658,0.073087872,0.18343938,-0.025849022,-0.16274922,0.28809931,0.42126353,0.25397442,0.37587071,0.096401695,-0.50835393,0.10966052,-0.10373141,-0.17090298,0.22096765,-0.2069303,0.29706646,0.070287636,-1.2281878,-0.39359031,0.61701214,-0.13037271,0.31283613,0.29864425,0.4791088,-0.048892291,-0.019520629,-0.41409112,0.16209951,0.37462597,-0.065406773,0.22087004,-0.27356732,0.35845114,0.071516929,0.13216163,0.18249661,0.39065963,0.21811753,0.19126241,0.21007062,0.053998767,-0.13308637,-0.04476832,0.17741011,0.44951211,-0.046564976,0.4290718,0.32326776,0.078946515,0.20125608,-0.30281906,-0.57930054,-0.13300673,0.46430308,-0.19790189,0.23604655,-0.13168088,-2.8887927,0.29103983,0.066100439,0.042348675,0.23321782,0.35988737,0.37824538,0.20194164,0.32678869,-0.21134996,0.224155,0.14283944,-0.16556129,-0.51608263,0.10292586,-0.22856885,-0.17933866,-0.12829676,-0.36148588,0.073842547,-0.44311127,-0.030355172,-0.249546,-0.66677338,-0.47216041,-0.27672881,-0.58060431,0.118952,-0.14462452,-0.18447617,-0.32050628,0.048146685,0.36261664,0.20150718,0.18187428,0.40327756,-0.14329219,0.19428317,0.22846442,-0.49713511,0.18400278,-0.083172964,-0.47290869,-0.089536448,0.17720713,0.022332688,-0.22265435,-0.21871937,-0.15087655,-0.34651117,-0.66517276,-0.66809685,0.36583054,-0.19281996,-0.1182612,-0.19322751,0.13443557,-0.21923413,-2.6527671,-0.14418054,-0.81235413,-0.21082453,-0.91881048,0.30039253,-0.970002,0.096328055,-0.051524183,-0.72849229,0.063822729,0.079633194,-0.26216247,0.27667139,0.23858768,-0.13252897,0.11834174,0.00063613241,-0.20477343,-0.55790213,0.19193234,-0.45876728,-0.19247465,-0.20855247,0.37128485,0.14797372,-0.35059384,0.33759944,0.020625324,0.42841631,-0.095501103,0.36282289,-1.0853679,-0.20769596,0.13387925,0.088701622,0.36647654,-0.80362804,0.06488896,-1.9058041,0.5284959,0.3414769,0.059329863,-0.11232833,0.15942424,-0.29659773,0.16030008,0.12861296,0.25825783,0.10234952,0.094175845,0.24620549,0.23241891,-0.1657913,-0.23975424,-0.053162047,-0.12924117,-0.067712984,-0.71487279,0.047674732,0.36160133,0.44770594,0.17682041,-0.0604763,0.07639013,-0.43960112,-0.07412238,-1.1535959,0.46250461,0.67365236,0.4650812,-1.2143138,-1.4451028,-0.050767774,-0.35130607,-0.16064694,0.073491235,-0.10786777,0.019794013,0.044756872,-0.52612656,-2.734214,-0.50226779,-0.50360387,-2.3995635,-1.8581074,-2.0620408,-0.57834665,0.30158089,0.10180169,0.65618123,0.11958601,0.34405231,-1.0877159,0.062631845,0.22654409,0.058590634,0.2921302,-0.072948122,-0.097766874,-1.2624571,0.012023914,-0.098793109,0.29443484,0.32214375,-0.10724126,-0.73685661,0.16658076,0.43446603,-0.084227445,0.049532488,-0.91384445,-0.32815675,-0.10371498,0.24290341,-1.1371715
-48.809696,1,2.2911677e-06,12,4095,0,51.685998,0.2331968,1.4848768,0.15197249,0.46488122,0.5,-0.32935897,0.0190329,-0.17564685,-0.19361978,0.33142625,0.067469512,0.43093095,0.4517285,0.10139071,-0.16724593,-0.28768672,-0.46609877,0.12802406,0.43169436,0.27558141,-1.8166878,-0.45664491,0.090684744,-0.017407844,0.38099149,-1.520296,0.40936455,0.49860226,0.38718314,0.48127585,-0.066385865,0.19683522,0.41611435,-0.10606565,0.096768947,-0.065687633,-0.38329686,0.42266697,-0.50971856,0.054335218,-0.3980898,-0.63763706,-0.41933139,-1.2198292,-0.33929866,-0.64916705,-0.31882407,-1.1003992,-2.0929232,-2.3647166,0.025447393,-0.13328792,-0.037686853,0.047983197,0.04709795,-0.14202102,-0.086374058,0.25429112,-0.17314113,-0.29111873,-0.85995824,-0.56405022,0.086847809,0.085102155,-0.4723544,-0.28737035,0.073015996,0.18595899,-0.026956385,-0.16569456,0.29140069,0.42390025,0.25381471,0.3766944,0.095593332,-0.51191861,0.11303795,-0.10405112,-0.17518946,0.2237665,-0.20805409,0.30256581,0.072780767,-1.2380167,-0.39541782,0.62180499,-0.13390146,0.31266332,0.2992241,0.48079831,-0.051906907,-0.018962662,-0.42001597,0.16419054,0.38045064,-0.065718322,0.22382196,-0.2645846,0.36128829,0.071874481,0.13172839,0.18333329,0.39266237,0.21899487,0.19249577,0.21199073,0.054561185,-0.12566369,-0.047722979,0.17593947,0.4504979,-0.050925989,0.42919154,0.32210808,0.076791639,0.20139522,-0.3041445,-0.58473674,-0.13511999,0.46825353,-0.20029879,0.23893762,-0.13388246,-2.9180103,0.29169283,0.06404846,0.039806996,0.23237338,0.36025429,0.37872591,0.20052395,0.33238573,-0.215915,0.22953923,0.14230884,-0.16787002,-0.520844,0.10312761,-0.23243039,-0.18012215,-0.12941099,-0.36583618,0.074551911,-0.44821389,-0.032549426,-0.254093,-0.67544157,-0.47719735,-0.2805707,-0.58779429,0.11820394,-0.14817359,-0.18854471,-0.32595716,0.047843389,0.36540269,0.20371757,0.1829812,0.40673992,-0.14471801,0.19551485,0.22948634,-0.50311977,0.18406976,-0.084739715,-0.47716832,-0.091138905,0.17914727,0.022003528,-0.22678948,-0.22142237,-0.15197009,-0.35039748,-0.67286344,-0.67465923,0.37163958,-0.19547782,-0.11910912,-0.19747169,0.1345311,-0.22345962,-2.6804819,-0.14863561,-0.81759001,-0.21160894,-0.93066788,0.29994136,-0.98259494,0.098351703,-0.052209558,-0.73745915,0.063547444,0.080358405,-0.26469292,0.27868515,0.23984905,-0.1329677,0.11682169,0.0010585193,-0.20881805,-0.56456158,0.19552745,-0.46151202,-0.19241856,-0.21035495,0.37319574,0.14659821,-0.35154773,0.33723683,0.018280073,0.43161627,-0.097468785,0.3664731,-1.0967568,-0.21041891,0.13635347,0.088918392,0.36940166,-0.81190402,0.06371457,-1.9222922,0.53466222,0.34720863,0.059910888,-0.11229643,0.16335505,-0.29685532,0.16554488,0.13153118,0.26161239,0.10491557,0.097498173,0.25000823,0.23192201,-0.16513875,-0.23912396,-0.052157465,-0.12999072,-0.069477352,-0.72137626,0.04560451,0.36442403,0.45087738,0.17594016,-0.064038497,0.073900957,-0.44130639,-0.078782789,-1.1609309,0.4626409,0.67707097,0.46686841,-1.2249916,-1.4612098,0.65377261,-0.35833033,-0.16483122,0.072392257,-0.11013412,0.017542691,0.043511842,-0.53386869,-2.7621038,-0.50840512,-0.50932602,-2.4230305,-1.8778039,-2.0831152,-0.58234869,0.30183032,0.099181166,0.6605154,0.11627013,0.34424776,-1.1016674,0.058958778,0.22414389,0.055821785,0.2926987,-0.073164177,-0.099842759,-1.273472,0.01189359,-0.10087887,0.29579912,0.32534231,-0.10951539,-0.74399097,0.16729595,0.43786483,-0.08418076,0.047105769,-0.92029128,-0.33026322,-0.1044334,0.2426644,-1.1461488
-48.55449,0.88950107,2.2911677e-06,12,4095,0,49.564294,0.23314132,1.4901249,0.15181819,0.46624526,0.5,-0.32708307,0.018811827,-0.18256575,-0.1932335,0.32857983,0.066670742,0.42561464,0.44757616,0.10126123,-0.16633061,-0.28534762,-0.46208409,0.12813925,0.42644892,0.27330862,-1.8035454,-0.45330613,0.090516251,-0.016481563,0.37791564,-1.5093763,0.40526643,0.4940328,0.38352895,0.47714624,-0.066045899,0.1947294,0.41062805,-0.10637149,0.096201558,-0.066056238,-0.38175327,0.42057148,-0.50702485,0.053988483,-0.3959831,-0.6332928,-0.41673567,-1.2113673,-0.33671391,-0.64423848,-0.31680983,-1.0924505,-2.0788574,-2.3483219,0.025966554,-0.13138793,-0.036277234,0.047008921,0.046598897,-0.14171703,-0.085987072,0.25194597,-0.17277267,-0.29038083,-0.85251931,-0.55844115,0.08483178,0.084922213,-0.46999013,-0.28580001,0.072365459,0.18371812,-0.026636095,-0.16409786,0.28871385,0.42100825,0.25287267,0.37499273,0.095414841,-0.50934549,0.11054773,-0.10418133,-0.17283507,0.22122042,-0.20761229,0.29821653,0.070578299,-1.2310465,-0.39446372,0.61777732,-0.13175979,0.31204564,0.29822124,0.47874984,-0.050291046,-0.019944559,-0.41609537,0.16199187,0.37558798,-0.0662164,0.2209034,-0.27157745,0.35807122,0.071524639,0.13160372,0.18242828,0.39063458,0.21798737,0.19134707,0.21040143,0.053999314,-0.13137229,-0.046244929,0.17621946,0.44892989,-0.048501026,0.42828993,0.32218992,0.077960984,0.20109602,-0.30386394,-0.58169007,-0.13466185,0.46506809,-0.19860862,0.23685078,-0.13253813,-2.8967203,0.29063492,0.06495298,0.041066548,0.23237824,0.35938311,0.37779556,0.20102191,0.32741636,-0.21290061,0.22503175,0.14243529,-0.16731322,-0.51823168,0.10184018,-0.23079979,-0.17929335,-0.12858641,-0.363545,0.073889001,-0.44528621,-0.031524754,-0.25134869,-0.66963126,-0.47424815,-0.278642,-0.58342445,0.11774824,-0.14653396,-0.18649678,-0.32284809,0.047477745,0.36263759,0.20163969,0.18149335,0.40342991,-0.14416444,0.19388869,0.22789667,-0.49920533,0.18332194,-0.084223789,-0.47420991,-0.090572372,0.1773818,0.021772243,-0.22458907,-0.2199015,-0.15147828,-0.34795393,-0.66778049,-0.67016238,0.36719466,-0.19400864,-0.11886439,-0.19515655,0.1338585,-0.22112072,-2.6606364,-0.14628019,-0.81361207,-0.21131293,-0.92270814,0.29934143,-0.97405628,0.096353254,-0.052473292,-0.73132424,0.063424421,0.079613382,-0.26334816,0.27642285,0.2383921,-0.13297966,0.11711956,0.0002696836,-0.20646312,-0.56012817,0.19265335,-0.45965547,-0.1926627,-0.20965354,0.37120527,0.146866,-0.35099327,0.33660338,0.019402726,0.42884231,-0.096356359,0.3635007,-1.0890439,-0.20913438,0.13456411,0.088052398,0.36671948,-0.8061436,0.063892061,-1.9101248,0.52970481,0.34267173,0.058928003,-0.1125407,0.16044026,-0.29652884,0.16185587,0.1291413,0.25869897,0.10285552,0.095062251,0.24692163,0.23134082,-0.16563669,-0.23944884,-0.053133616,-0.12985567,-0.068733975,-0.71669906,0.04606291,0.36159503,0.44765745,0.17560087,-0.062392291,0.07474836,-0.43998974,-0.076364669,-1.1552106,0.46144475,0.67355757,0.46482847,-1.2175928,-1.4497474,0.64891889,-0.35396038,-0.16237515,0.072686074,-0.10890474,0.018429293,0.043789053,-0.52898858,-2.7420111,-0.50446711,-0.50565197,-2.4061128,-1.8640212,-2.0681964,-0.57928021,0.30060051,0.099970549,0.65622026,0.11753995,0.34318857,-1.0921811,0.060635464,0.2248441,0.057087724,0.29166883,-0.073583348,-0.099278525,-1.2650691,0.011787369,-0.099733642,0.29428539,0.32280774,-0.10820701,-0.73877813,0.1664308,0.43493169,-0.084778326,0.048161403,-0.91571377,-0.32920234,-0.10453213,0.24208378,-1.1397091
-48.805671,0.8475117,2.2911677e-06,12,4095,0,50.276607,0.2335741,1.4874379,0.15170577,0.46413614,0.5,-0.32866598,0.018506978,-0.17904264,-0.19401388,0.32965179,0.066591876,0.42805486,0.44942595,0.10098486,-0.16715254,-0.28685193,-0.46443654,0.12777807,0.42891899,0.27416759,-1.8105694,-0.45540592,0.090255713,-0.017287491,0.37906585,-1.5152448,0.40708028,0.49623,0.3850964,0.4790868,-0.066589211,0.19539508,0.41316476,-0.10668328,0.095970815,-0.066284341,-0.38303104,0.42133614,-0.50882779,0.053621203,-0.39745051,-0.63582817,-0.41862654,-1.2160262,-0.33836313,-0.64712072,-0.31832282,-1.0969136,-2.0865328,-2.3571192,0.025397749,-0.13264997,-0.037285754,0.047092697,0.046519675,-0.14231659,-0.086535137,0.25262586,-0.17360388,-0.29146285,-0.85653968,-0.56151092,0.085285045,0.084601401,-0.47170054,-0.28700608,0.072347286,0.18439681,-0.027234028,-0.16531261,0.28958706,0.42228912,0.25314998,0.37568463,0.09518375,-0.51126661,0.1111947,-0.10460481,-0.1743434,0.22210349,-0.20831905,0.30003129,0.071218976,-1.2351069,-0.39543247,0.61957581,-0.1333008,0.31202499,0.29833432,0.47951429,-0.051506605,-0.019850479,-0.41854069,0.16275735,0.37784246,-0.066305653,0.2220898,-0.2679604,0.35959441,0.07110265,0.13121033,0.18237416,0.39128212,0.21801602,0.19139959,0.2106568,0.05371033,-0.128617,-0.047352228,0.17576114,0.44944907,-0.050060959,0.42844196,0.32181263,0.076892548,0.20069151,-0.30436786,-0.58348354,-0.13508577,0.4662478,-0.20007233,0.23727963,-0.13374525,-2.9080344,0.29077681,0.064098055,0.040032173,0.23198428,0.3594355,0.37786871,0.20034469,0.32982709,-0.21493044,0.22701401,0.14183959,-0.16776893,-0.5198305,0.10232598,-0.23177087,-0.1804533,-0.12964345,-0.36497211,0.07364871,-0.44706868,-0.03244382,-0.25313415,-0.67298034,-0.47607005,-0.27989071,-0.58589824,0.11775382,-0.14760798,-0.18778848,-0.32469462,0.047267798,0.36374641,0.2022609,0.18189633,0.40486417,-0.14488104,0.19438267,0.2284208,-0.5016247,0.18335266,-0.084863402,-0.47627285,-0.091247513,0.17779255,0.021446465,-0.22599963,-0.22111895,-0.15223807,-0.34965884,-0.67075492,-0.67293913,0.36903368,-0.19519248,-0.11947171,-0.19664073,0.13381146,-0.22263125,-2.6710845,-0.14774066,-0.81631827,-0.21198873,-0.92706588,0.29938775,-0.97872419,0.096948338,-0.052664483,-0.7348785,0.062983688,0.079444296,-0.26445672,0.27727997,0.23872224,-0.13347568,0.11666211,0.00022899172,-0.20804287,-0.56281926,0.19360298,-0.46116994,-0.19309812,-0.21039335,0.3718442,0.14639198,-0.35185881,0.33665273,0.018437294,0.42984436,-0.097421342,0.36454976,-1.0933095,-0.2101301,0.13483502,0.088146333,0.36770845,-0.80956029,0.063443646,-1.916929,0.53201829,0.34461668,0.059019465,-0.11296518,0.16132371,-0.29739308,0.16307694,0.12983432,0.25976581,0.10334655,0.095673998,0.24801683,0.23138519,-0.16601857,-0.23998532,-0.053179759,-0.1303928,-0.069522531,-0.71965797,0.045624545,0.36275338,0.44909866,0.17553771,-0.063471883,0.074076245,-0.44132522,-0.07782656,-1.1588823,0.46186683,0.67525742,0.46555537,-1.2217872,-1.4560252,0.65127874,-0.3564953,-0.16400806,0.072108312,-0.10998746,0.017652534,0.043270618,-0.53176698,-2.7526301,-0.50686251,-0.50793036,-2.415158,-1.8713377,-2.0761354,-0.58152207,0.30102259,0.099389666,0.65843849,0.11672153,0.34346807,-1.0973083,0.059552326,0.2242707,0.056114725,0.29181056,-0.073773516,-0.099810497,-1.2700753,0.011287867,-0.10079329,0.29463924,0.32357189,-0.10935946,-0.74203641,0.16637637,0.43602784,-0.084884837,0.047280361,-0.91860509,-0.33018139,-0.1048649,0.2420505,-1.1435394
-48.428005,0.88176539,2.2911677e-06,12,4095,0,49.901937,0.23419294,1.4880465,0.15222572,0.46265183,0.5,-0.32720397,0.019672062,-0.17978516,-0.19302119,0.33041494,0.067573727,0.42808436,0.44992675,0.10227861,-0.16574783,-0.28520963,-0.46258405,0.12916989,0.42908718,0.27518674,-1.8076784,-0.45377995,0.091537723,-0.015844219,0.37969521,-1.512581,0.40762078,0.49673813,0.38575957,0.47973351,-0.065278384,0.19629268,0.41314649,-0.10559641,0.096928691,-0.065128963,-0.38175296,0.42235588,-0.50732254,0.054572613,-0.3959603,-0.63396491,-0.41735049,-1.2137181,-0.33672331,-0.64526317,-0.3169895,-1.0947663,-2.083813,-2.3540271,0.026835545,-0.13102453,-0.03571067,0.048166964,0.047778184,-0.14112231,-0.08518846,0.25330014,-0.17270773,-0.29061156,-0.8541526,-0.55930419,0.085962845,0.085778488,-0.4703498,-0.28559951,0.073560078,0.18518768,-0.026026631,-0.16389593,0.29021438,0.42329851,0.25454535,0.37698861,0.096502074,-0.51005231,0.11171893,-0.10353276,-0.17268452,0.2229071,-0.20716074,0.30037698,0.07201694,-1.2332074,-0.3941995,0.62000026,-0.13188469,0.31327041,0.29941701,0.48057397,-0.050063161,-0.018758712,-0.41691457,0.1637287,0.37820871,-0.065053236,0.22299918,-0.26844801,0.36066846,0.071966884,0.13232905,0.18329047,0.39219223,0.21896334,0.19225188,0.21140606,0.054585894,-0.1288301,-0.045867969,0.17716264,0.45061358,-0.048391972,0.42969372,0.32317861,0.078167253,0.20163299,-0.30302827,-0.58164249,-0.13348106,0.46676758,-0.19895653,0.23781845,-0.13254549,-2.9043944,0.29185237,0.065454635,0.041438829,0.23323403,0.36055499,0.37896458,0.20161711,0.3303647,-0.21347176,0.22750825,0.14287973,-0.16612288,-0.51808277,0.10372791,-0.2299481,-0.17964955,-0.12868547,-0.36325575,0.074506287,-0.44532526,-0.031085405,-0.25155225,-0.67103735,-0.47436745,-0.2782271,-0.58391648,0.11918182,-0.14593323,-0.18607853,-0.32287954,0.048445828,0.36463804,0.20311404,0.18297406,0.40567906,-0.1436421,0.1954697,0.22958524,-0.49997042,0.18454782,-0.083541376,-0.47493417,-0.089934375,0.17862081,0.022569794,-0.22433611,-0.21977653,-0.1511213,-0.34823399,-0.66890085,-0.67131146,0.36924668,-0.19384496,-0.11834461,-0.19498295,0.13495657,-0.22099498,-2.6674098,-0.14600268,-0.81503352,-0.21091297,-0.92472831,0.30075293,-0.97633555,0.097859928,-0.051358018,-0.73296201,0.06402763,0.080335152,-0.26310452,0.27830539,0.2397107,-0.1324073,0.11807455,0.0012850874,-0.20649769,-0.56111428,0.19419796,-0.45997126,-0.19213685,-0.20905312,0.37278064,0.14775375,-0.35082785,0.33799494,0.019819073,0.43053762,-0.096213228,0.36513452,-1.0910715,-0.20865943,0.13543125,0.089332369,0.36849692,-0.80777734,0.064754117,-1.9145736,0.53217753,0.34491321,0.060096502,-0.11199765,0.1617881,-0.29657112,0.16329422,0.13051971,0.26047935,0.10403658,0.096199381,0.24860526,0.23276019,-0.16520559,-0.23924454,-0.052295139,-0.12925527,-0.068223314,-0.71814809,0.047209439,0.36365746,0.44999963,0.1769701,-0.061790789,0.0756638,-0.44033162,-0.076018651,-1.1574985,0.46325134,0.67610879,0.4665665,-1.2197152,-1.4534905,0.65149698,-0.35457769,-0.16244618,0.073326294,-0.10869991,0.019107755,0.044563812,-0.52978283,-2.7490012,-0.50514948,-0.50627661,-2.4119752,-1.8683169,-2.0730511,-0.58035519,0.30236813,0.10106822,0.65915979,0.11848833,0.3447566,-1.0947673,0.061279994,0.22590211,0.057624454,0.29291149,-0.072604695,-0.098277097,-1.2683572,0.012256723,-0.099547044,0.29560542,0.32417089,-0.10810789,-0.74050541,0.16732942,0.43669897,-0.083746641,0.048734689,-0.91706166,-0.32887824,-0.10362449,0.24330609,-1.1417673
-48.539382,0.56267176,2.2911677e-06,12,4095,0,52.321766,0.23316517,1.5006904,0.15194974,0.46324804,0.5,-0.32175104,0.019182243,-0.19660231,-0.19171142,0.32362331,0.065861518,0.4153399,0.43985388,0.10184546,-0.16367835,-0.27984914,-0.45325486,0.12923154,0.41635683,0.26956997,-1.7766388,-0.44585659,0.091019896,-0.013787543,0.37245627,-1.4868692,0.39767971,0.48541995,0.37689241,0.46949425,-0.064541553,0.19130342,0.39998697,-0.10618912,0.095846281,-0.065982015,-0.37790268,0.41718218,-0.50087257,0.054066361,-0.39098188,-0.62382764,-0.41082037,-1.1937496,-0.33073637,-0.63362543,-0.31201964,-1.0758679,-2.0501909,-2.3150155,0.027858712,-0.12674357,-0.032601533,0.045872097,0.046441325,-0.14031198,-0.084383409,0.24798853,-0.17130572,-0.28820059,-0.83686199,-0.54639746,0.081543382,0.085380429,-0.46451626,-0.28186536,0.07189928,0.17999984,-0.02519027,-0.16010021,0.2840551,0.41600087,0.25187524,0.37245978,0.095906918,-0.50349216,0.10627958,-0.1036562,-0.16729059,0.21689038,-0.20594613,0.29010055,0.066946124,-1.2164449,-0.39177922,0.61024085,-0.12668276,0.3116665,0.29703713,0.47546222,-0.046237419,-0.021093004,-0.40749503,0.15839859,0.36637611,-0.066376305,0.21584766,-0.28563396,0.35242577,0.071578173,0.13216182,0.18139759,0.3873588,0.21676098,0.18981853,0.20797347,0.053635243,-0.14263394,-0.042454707,0.17764589,0.44663622,-0.042795484,0.42735432,0.32323412,0.081111596,0.2012755,-0.30247673,-0.57477586,-0.13286486,0.45934488,-0.19449458,0.23338234,-0.12908231,-2.8537047,0.28933873,0.067594308,0.044418896,0.23323167,0.35847386,0.37676409,0.20285666,0.31804052,-0.20609988,0.2166474,0.14347522,-0.16531453,-0.51218729,0.10015433,-0.2266534,-0.17694112,-0.12620664,-0.35813052,0.073321645,-0.43861947,-0.02865636,-0.24506064,-0.65726354,-0.46754969,-0.27394635,-0.57387934,0.11771656,-0.14239438,-0.18154806,-0.31579779,0.047566757,0.35786988,0.19825968,0.17933894,0.39752873,-0.14225867,0.19146073,0.22555787,-0.49062005,0.18266392,-0.082371107,-0.46757162,-0.088622213,0.17462061,0.022113601,-0.21935361,-0.21607377,-0.14972067,-0.34230135,-0.65686609,-0.66045008,0.35882624,-0.19027973,-0.11758952,-0.18969273,0.13333657,-0.21561753,-2.6204348,-0.14071316,-0.80499693,-0.20995103,-0.90604193,0.29902262,-0.95624098,0.093149743,-0.052159531,-0.71832881,0.06396505,0.07889118,-0.25986731,0.27270656,0.23627978,-0.132223,0.11857713,-0.00050505075,-0.20094625,-0.55051536,0.18762223,-0.45520969,-0.19238638,-0.20743791,0.36801118,0.14825624,-0.349135,0.33621592,0.022475944,0.42400459,-0.093352801,0.35824431,-1.0729055,-0.20574355,0.13170652,0.087154681,0.36209639,-0.79392271,0.06508438,-1.8852546,0.52017184,0.33413946,0.057774866,-0.1122625,0.15530324,-0.29516221,0.15510184,0.12510681,0.25360554,0.099481378,0.090904325,0.24145264,0.23105579,-0.1658911,-0.23937809,-0.054315045,-0.12879492,-0.066436653,-0.70666048,0.047868558,0.35670055,0.44195153,0.17580469,-0.058229024,0.077327824,-0.43664603,-0.070647597,-1.143165,0.45994869,0.6671819,0.46154801,-1.2021138,-1.4261902,-0.059147913,-0.34439895,-0.15664928,0.074089445,-0.10565453,0.021051031,0.045173237,-0.51843074,-2.7013424,-0.49582336,-0.49754082,-2.3717626,-1.8358309,-2.0377738,-0.57246743,0.29902036,0.10245794,0.64817025,0.12100263,0.34193925,-1.0724754,0.064887932,0.22716295,0.060477597,0.29043454,-0.073605957,-0.097286252,-1.2476967,0.012342078,-0.096657438,0.29205529,0.31844645,-0.10480847,-0.72768329,0.16548679,0.42976374,-0.085159077,0.051121181,-0.90587021,-0.32629223,-0.10390876,0.24177484,-1.1261721
-48.098016,0.82406134,2.2911677e-06,12,4095,0,52.767726,0.23363468,1.5054631,0.15221985,0.4635756,0.5,-0.31898658,0.019732483,-0.20303605,-0.19083374,0.32174016,0.065799454,0.41084153,0.43669418,0.10258107,-0.16203334,-0.27688083,-0.44879125,0.13024586,0.41203224,0.26836338,-1.7641492,-0.44211886,0.091713807,-0.012092146,0.37027585,-1.4763143,0.39459714,0.48192878,0.37427213,0.46647545,-0.063426981,0.19012703,0.39531046,-0.10577954,0.095950976,-0.065562722,-0.37587804,0.41612238,-0.49775224,0.05433945,-0.38833297,-0.61910502,-0.40796349,-1.1854242,-0.32757801,-0.62844459,-0.30957042,-1.0680769,-2.0371297,-2.2998121,0.029227734,-0.12412829,-0.030412321,0.04574615,0.046849424,-0.13932798,-0.083202464,0.24643416,-0.17052177,-0.28716756,-0.82925684,-0.54037629,0.08025112,0.085977545,-0.46178465,-0.27970572,0.072149059,0.17862509,-0.024175369,-0.15790276,0.28218647,0.41428863,0.25205312,0.37195476,0.096623721,-0.50071092,0.10447822,-0.10311863,-0.16428838,0.2152812,-0.2048869,0.28664905,0.065604084,-1.2096474,-0.39026194,0.60711899,-0.12405058,0.31198059,0.29690568,0.47447436,-0.043995208,-0.021214026,-0.40329272,0.15720851,0.36252702,-0.065978541,0.21402687,-0.29191751,0.35050434,0.071775852,0.13275539,0.18120018,0.3862604,0.21650903,0.18937278,0.20708853,0.053672354,-0.14765015,-0.040287957,0.17880207,0.4461231,-0.039720872,0.42744969,0.32420915,0.082864773,0.20158494,-0.30139977,-0.57109867,-0.13141358,0.45698418,-0.19247774,0.23192133,-0.1272662,-2.8341936,0.28915608,0.069203933,0.046351737,0.23404329,0.35848018,0.37670365,0.20407914,0.31424839,-0.20274469,0.21319207,0.14420377,-0.1637518,-0.50892839,0.10005528,-0.22409252,-0.17586925,-0.12500614,-0.35514241,0.073263368,-0.43510854,-0.026955444,-0.24181941,-0.65131303,-0.46405791,-0.27128506,-0.56903306,0.11830547,-0.139945,-0.17874724,-0.31207486,0.048014393,0.35616099,0.19706918,0.17881004,0.39531474,-0.14103875,0.19082893,0.22502148,-0.48640459,0.18282651,-0.081107844,-0.46437796,-0.087326442,0.17365943,0.022620748,-0.21647347,-0.21400263,-0.1486528,-0.3394359,-0.65156668,-0.65580574,0.35518737,-0.18824371,-0.11670755,-0.18672443,0.13351522,-0.21265002,-2.6020235,-0.13764213,-0.80106133,-0.20907713,-0.89806993,0.2994511,-0.94776971,0.092067978,-0.051529201,-0.71214616,0.064494487,0.078796282,-0.25793042,0.2715141,0.2357026,-0.13159526,0.11975357,-0.0005002455,-0.19804152,-0.54584967,0.18557318,-0.45300729,-0.19203705,-0.20601945,0.36696478,0.14936781,-0.34810124,0.33659926,0.024278263,0.42212266,-0.09171117,0.35610999,-1.0652249,-0.2037518,0.13053007,0.087211138,0.36036736,-0.78815491,0.066076471,-1.8739938,0.51607406,0.33049557,0.057644931,-0.11190316,0.15311118,-0.29448106,0.15207625,0.12352211,0.25162545,0.098165315,0.089147581,0.23922745,0.23150444,-0.16586676,-0.23928048,-0.054606589,-0.12799234,-0.065010622,-0.70197483,0.049313948,0.35495034,0.43988323,0.17649262,-0.055764116,0.079086999,-0.43504323,-0.067463393,-1.1377853,0.45991988,0.66483459,0.46052634,-1.1948307,-1.4153084,-0.063116521,-0.33959104,-0.15364728,0.075097348,-0.10385425,0.022726709,0.046229237,-0.51317415,-2.68278,-0.49154054,-0.49351738,-2.3560723,-1.8227281,-2.0237299,-0.56933691,0.29892739,0.1042488,0.64508117,0.12325134,0.34193717,-1.0631314,0.067424091,0.22885007,0.062503879,0.29029676,-0.073215983,-0.095808691,-1.2399151,0.012819173,-0.094957899,0.29141591,0.31667766,-0.10297513,-0.72255614,0.16535191,0.42773462,-0.084937664,0.052932645,-0.90124878,-0.32462661,-0.1032047,0.24212417,-1.1198955
-48.333367,0.46607805,2.2911677e-06,12,4095,0,51.949394,0.23324417,1.5026102,0.15209428,0.46464519,0.5,-0.32055238,0.019487476,-0.19918343,-0.19122844,0.32294182,0.065939323,0.41358973,0.43863417,0.10220433,-0.16294936,-0.27859915,-0.45140413,0.12969131,0.4146578,0.26913734,-1.7715475,-0.44427261,0.091363144,-0.01304475,0.37166684,-1.4825638,0.39649238,0.48403305,0.37589433,0.4683033,-0.064022222,0.19091226,0.39816338,-0.1059266,0.096000467,-0.065729824,-0.37698312,0.41680974,-0.4995283,0.054294912,-0.38983767,-0.62186783,-0.40954432,-1.1903307,-0.32940425,-0.63146766,-0.31093045,-1.0726465,-2.0448188,-2.308798,0.028461938,-0.12564142,-0.031672187,0.045904097,0.046666253,-0.1398245,-0.083842612,0.24747556,-0.17084398,-0.2876213,-0.83376716,-0.54394634,0.081151043,0.085703019,-0.46330785,-0.28091508,0.072064943,0.17954438,-0.024693303,-0.15913635,0.28341123,0.41533764,0.25197131,0.37227437,0.096252664,-0.50223494,0.10569616,-0.10333604,-0.16602856,0.21632774,-0.20541815,0.2887993,0.066508405,-1.213597,-0.39106646,0.60903511,-0.12553084,0.31185341,0.29706257,0.47511212,-0.045258588,-0.02106083,-0.4057108,0.15798749,0.36487009,-0.066152796,0.21516932,-0.2881736,0.35165782,0.071791812,0.13249498,0.18142894,0.38699338,0.21676201,0.18975498,0.20773957,0.053777485,-0.14461641,-0.041516734,0.17816599,0.44647609,-0.041501008,0.42744539,0.32368607,0.081915284,0.20152186,-0.30197483,-0.57325932,-0.13225931,0.45849131,-0.19354782,0.23293934,-0.1282387,-2.8457455,0.28934338,0.068318713,0.045272905,0.23363396,0.35855255,0.37681854,0.20343286,0.31652895,-0.20464472,0.2153202,0.14388303,-0.16466913,-0.51083193,0.10013056,-0.22561492,-0.17633754,-0.12557914,-0.35688675,0.073426248,-0.43715646,-0.027893981,-0.24368051,-0.65479128,-0.46608647,-0.27283266,-0.57189047,0.11798464,-0.14137404,-0.18038355,-0.31425788,0.047824868,0.35723692,0.19787119,0.17919327,0.39668136,-0.14167903,0.19126813,0.22539021,-0.48883642,0.18279455,-0.081790065,-0.46616335,-0.088025389,0.17433809,0.022408682,-0.2181457,-0.21514917,-0.14918166,-0.34105188,-0.65465675,-0.65847656,0.3574581,-0.18937134,-0.11713269,-0.18844536,0.1334846,-0.21436641,-2.6129552,-0.13943698,-0.80325543,-0.20948574,-0.90277932,0.29923461,-0.95277324,0.092800622,-0.051847303,-0.71575181,0.064285478,0.078973043,-0.2590019,0.27227867,0.23613039,-0.1318631,0.11910293,-0.00041222652,-0.19970363,-0.54854834,0.18691076,-0.45419715,-0.19212271,-0.2067926,0.36766372,0.14876461,-0.34858934,0.33641347,0.023277903,0.42333313,-0.092586069,0.35748637,-1.0697498,-0.20487881,0.13137918,0.087242032,0.36147649,-0.79149764,0.065550727,-1.8805815,0.51856712,0.33275303,0.057804356,-0.11199775,0.15455802,-0.29472691,0.15403858,0.1245838,0.25289557,0.099075389,0.090340824,0.24066087,0.23127404,-0.16573741,-0.23917671,-0.05431373,-0.12837397,-0.065781084,-0.70464535,0.048475028,0.35604644,0.44114826,0.1761149,-0.057202334,0.078069985,-0.43584864,-0.069334915,-1.1408202,0.45995708,0.66624003,0.46119345,-1.1990935,-1.4217171,-0.060723279,-0.34241025,-0.15536737,0.07458141,-0.10483548,0.021783245,0.045670634,-0.51626495,-2.693789,-0.49402255,-0.49583956,-2.365354,-1.8305019,-2.0320532,-0.5710506,0.29900819,0.1031957,0.6469019,0.12192205,0.34197869,-1.0686627,0.065939011,0.22786857,0.0613513,0.29045338,-0.073368897,-0.0966554,-1.2443927,0.012655376,-0.09587347,0.2918824,0.31785128,-0.10396798,-0.72548303,0.16553782,0.42903002,-0.084987848,0.051912805,-0.90388548,-0.32553183,-0.10355095,0.24197443,-1.123523
-48.385216,0.93265387,2.2911677e-06,12,4095,0,49.051808,0.23328671,1.5025064,0.15201961,0.46466679,0.5,-0.32076293,0.019326201,-0.1990403,-0.19141944,0.32284709,0.065782801,0.41360048,0.43859786,0.10204893,-0.16312671,-0.27879955,-0.45163625,0.12953479,0.4146719,0.26903468,-1.7719554,-0.44450095,0.091208157,-0.01322044,0.37157616,-1.482927,0.39645066,0.48403024,0.37583422,0.46827831,-0.064189811,0.19079317,0.39818169,-0.10609199,0.095835798,-0.065888389,-0.37718709,0.41670436,-0.4997478,0.054123159,-0.39004206,-0.62210737,-0.40977601,-1.1906514,-0.32961133,-0.63172357,-0.31114254,-1.0729642,-2.045263,-2.3092798,0.028297399,-0.12583199,-0.031853135,0.045758583,0.046519318,-0.13999931,-0.084009154,0.24735208,-0.17104074,-0.28783213,-0.83405753,-0.54420043,0.081010927,0.085541452,-0.4635289,-0.28111034,0.071919494,0.17942247,-0.02486718,-0.15933172,0.28329915,0.41526579,0.25184752,0.37217158,0.096100396,-0.50247082,0.10556209,-0.10350706,-0.16622958,0.21621888,-0.20559973,0.28874703,0.066381572,-1.2139069,-0.39125896,0.60900599,-0.12574249,0.31170837,0.29691998,0.47500857,-0.045454221,-0.021206098,-0.40595595,0.15787536,0.36486081,-0.066301316,0.21508142,-0.28803618,0.35160136,0.071614311,0.13232753,0.18127201,0.38687737,0.21661054,0.18960156,0.20759379,0.053606845,-0.14455825,-0.041705619,0.17800418,0.44635947,-0.041706884,0.42730914,0.32352472,0.081719238,0.2013475,-0.30214172,-0.57346607,-0.13241073,0.45840432,-0.19376577,0.23279709,-0.12844173,-2.8463235,0.28920213,0.068136584,0.045083676,0.23346977,0.35840734,0.37667368,0.20325481,0.31653031,-0.20487817,0.21527753,0.14370252,-0.16482062,-0.51103312,0.10001696,-0.22578378,-0.17655281,-0.12578384,-0.35708064,0.073257438,-0.43736573,-0.028078115,-0.24389693,-0.65506649,-0.46629912,-0.27302026,-0.57212285,0.11784798,-0.14155351,-0.18057198,-0.31446818,0.047668758,0.35714889,0.19774846,0.17906553,0.39661547,-0.14185756,0.19114568,0.22527228,-0.48907858,0.18265127,-0.081961794,-0.46640065,-0.088199119,0.17420266,0.022244912,-0.21834122,-0.21534722,-0.14936677,-0.34126942,-0.65491699,-0.65873594,0.35741137,-0.18956766,-0.1173102,-0.18864496,0.13333561,-0.21456777,-2.6134924,-0.13963329,-0.803526,-0.20966911,-0.90308714,0.29909709,-0.95309414,0.092675875,-0.051998476,-0.71603717,0.06411336,0.078808986,-0.25919463,0.27217617,0.23599651,-0.1320378,0.11894229,-0.00056488948,-0.19991174,-0.5488012,0.18679896,-0.45441533,-0.19229952,-0.20696878,0.36754759,0.14860108,-0.34878464,0.336275,0.023091725,0.42323569,-0.092782117,0.35738727,-1.070055,-0.20506181,0.13122804,0.087101314,0.36137831,-0.79178075,0.06538748,-1.8809999,0.51857667,0.332714,0.057659443,-0.11217275,0.15443737,-0.29492945,0.15393237,0.12445788,0.25279663,0.098938131,0.090204408,0.24056003,0.23113722,-0.16591709,-0.23936727,-0.054473639,-0.12854796,-0.065960728,-0.70491753,0.048321929,0.35596189,0.44108659,0.17597468,-0.057382807,0.07790487,-0.43606689,-0.069530364,-1.1411329,0.45984038,0.66620951,0.46108612,-1.1994023,-1.4221053,-0.060699774,-0.34265118,-0.15557814,0.07440848,-0.10502949,0.021609053,0.045503427,-0.5165125,-2.6943352,-0.49426142,-0.4960751,-2.3658439,-1.8309188,-2.032496,-0.57130301,0.29889078,0.10303792,0.64691567,0.12175435,0.34185155,-1.0689995,0.065757425,0.227707,0.061168428,0.29031297,-0.073525274,-0.0968144,-1.2447513,0.012477714,-0.096067876,0.29174965,0.3177328,-0.1041666,-0.72576816,0.16538207,0.4289388,-0.085141637,0.051732935,-0.90415516,-0.32572115,-0.10371152,0.24182957,-1.1238268
-48.809818,1,2.2911677e-06,12,4095,0,50.625362,0.23347492,1.4988738,0.15162925,0.47067636,0.5,-0.32329938,0.018484924,-0.19417291,-0.19273663,0.32389601,0.065313652,0.41672733,0.44074287,0.10116998,-0.16471748,-0.28133957,-0.45530817,0.12849919,0.41775911,0.26968354,-1.7817805,-0.44774589,0.090355195,-0.014818053,0.37279403,-1.4912448,0.39852992,0.48659634,0.37754448,0.47045428,-0.065396069,0.19127385,0.40145313,-0.10689484,0.095193983,-0.066628273,-0.37925289,0.41723597,-0.50256636,0.05332054,-0.3924512,-0.62599948,-0.41258114,-1.1973272,-0.33232354,-0.63603133,-0.31352529,-1.0793211,-2.0557726,-2.3213353,0.026988612,-0.12807565,-0.033766363,0.04543745,0.04590037,-0.14120823,-0.085239905,0.24797105,-0.17236811,-0.28943445,-0.84001841,-0.54892666,0.081354885,0.08467193,-0.46615362,-0.28316237,0.071398912,0.17997748,-0.026085317,-0.1614047,0.2841797,0.41643465,0.25158236,0.37245944,0.095263236,-0.5052756,0.10622568,-0.10443756,-0.16878794,0.21701607,-0.20691642,0.29093599,0.066888814,-1.219638,-0.39292592,0.61112947,-0.12821115,0.31116114,0.29662409,0.47551799,-0.047546747,-0.021522049,-0.4096202,0.15843795,0.36757599,-0.066925679,0.21619123,-0.28319074,0.35303147,0.070792519,0.13140093,0.18086592,0.38732657,0.21628737,0.18935969,0.20765473,0.052940833,-0.14091551,-0.043689018,0.17684429,0.44651221,-0.044337547,0.42696687,0.32247862,0.079891304,0.2005011,-0.3033074,-0.57645155,-0.13362917,0.45971836,-0.19597605,0.23318435,-0.13038905,-2.8616941,0.28894589,0.066524026,0.043227545,0.23246882,0.35801697,0.37632118,0.20189884,0.31934291,-0.20795748,0.21759022,0.14257267,-0.16609893,-0.51373584,0.10000478,-0.22777877,-0.17822774,-0.12741918,-0.35956493,0.072660125,-0.44029112,-0.029765902,-0.24674531,-0.65998338,-0.469249,-0.27526345,-0.57600673,0.11723773,-0.14359623,-0.18289548,-0.31751404,0.046934452,0.35817196,0.19819873,0.17912768,0.39807907,-0.14323226,0.19131345,0.22543393,-0.49272332,0.18219659,-0.083290315,-0.4694454,-0.089565678,0.17441044,0.021400843,-0.22078177,-0.21738115,-0.15072741,-0.34393279,-0.65933373,-0.66279172,0.35970187,-0.19156467,-0.11849306,-0.19117246,0.1328148,-0.21711462,-2.6278449,-0.14217729,-0.80730564,-0.2109036,-0.90942635,0.2985664,-0.95983387,0.093064818,-0.052775889,-0.721186,0.063171347,0.078279365,-0.26110067,0.27281905,0.23601761,-0.13305371,0.11777934,-0.0010260345,-0.20249374,-0.55279919,0.18779199,-0.45672196,-0.19318176,-0.20842396,0.36797193,0.14744451,-0.35021968,0.33576005,0.02133286,0.42423674,-0.094563709,0.35850591,-1.0762225,-0.20689729,0.13139293,0.086730587,0.3623118,-0.79668796,0.064292229,-1.8902669,0.52147629,0.33508875,0.057345811,-0.11304809,0.15542154,-0.29625224,0.15546582,0.12508899,0.2538672,0.099320586,0.090824376,0.2417341,0.2306005,-0.16665504,-0.24025093,-0.054846513,-0.12965094,-0.067457785,-0.70912812,0.047090875,0.35703883,0.44251114,0.17527741,-0.059438431,0.07638828,-0.43804695,-0.072116306,-1.1461196,0.45975445,0.66797835,0.46157612,-1.205389,-1.4308509,-0.057785931,-0.34658297,-0.15823512,0.073206047,-0.10687483,0.020039286,0.044333263,-0.52076749,-2.708866,-0.49790843,-0.49954865,-2.3782453,-1.8411647,-2.0435206,-0.57446737,0.29882806,0.10158186,0.64938996,0.11996238,0.34164525,-1.0763719,0.063667998,0.22628172,0.059329847,0.29004198,-0.074226304,-0.098125959,-1.2515274,0.011506751,-0.097863509,0.29181062,0.31849511,-0.10607722,-0.73035126,0.16495568,0.4300671,-0.085724266,0.050036193,-0.90829408,-0.32744132,-0.10462343,0.24126308,-1.1292153
-48.784548,1,2.2911677e-06,12,4095,0,51.424987,0.23261036,1.5013128,0.15146734,0.47064347,0.5,-0.32251935,0.018132304,-0.19742558,-0.19247751,0.32235695,0.064847102,0.41418453,0.43853559,0.10070201,-0.16469185,-0.28076235,-0.4539888,0.12805526,0.41509429,0.26820261,-1.7763023,-0.44653833,0.089878589,-0.014832488,0.37125865,-1.4868171,0.39633744,0.48400464,0.37553887,0.46805262,-0.065597565,0.19007982,0.39883731,-0.10718763,0.094902579,-0.06705487,-0.37866777,0.41585288,-0.50158777,0.053177033,-0.39181179,-0.6244997,-0.41135502,-1.1939181,-0.33159474,-0.63416446,-0.31273087,-1.076005,-2.0495037,-2.3141494,0.026730143,-0.12773708,-0.033657316,0.044737794,0.045248341,-0.14127363,-0.085461027,0.24690911,-0.17199053,-0.28876528,-0.83732304,-0.54709758,0.080533173,0.084328017,-0.4651665,-0.28273764,0.070714305,0.17884059,-0.026159907,-0.16097642,0.28294279,0.41450784,0.25046556,0.37096554,0.094731014,-0.50397767,0.10530112,-0.10460387,-0.1682155,0.21565388,-0.20684543,0.28887634,0.065789298,-1.2165768,-0.39263271,0.60901763,-0.12743938,0.31046031,0.29589033,0.47410884,-0.047132478,-0.022243938,-0.40804954,0.15708899,0.36502159,-0.067564138,0.21443576,-0.2866989,0.35080377,0.070766783,0.13117545,0.18041952,0.38614236,0.21573307,0.1888435,0.20699339,0.052767252,-0.14365943,-0.043415147,0.17649761,0.44529497,-0.043712781,0.42608116,0.32207433,0.080268595,0.20040655,-0.30357208,-0.57571157,-0.13415591,0.45822138,-0.19508361,0.23248037,-0.12982004,-2.8522536,0.28818788,0.066622603,0.043480289,0.23215839,0.35732493,0.37562323,0.20187099,0.31651034,-0.20670231,0.21525518,0.14261319,-0.16662131,-0.51313637,0.09866168,-0.22788215,-0.1774427,-0.12684455,-0.359122,0.072448734,-0.43949624,-0.029603392,-0.24583054,-0.6576847,-0.46838558,-0.27496957,-0.57465167,0.11638254,-0.14348984,-0.18258556,-0.31669689,0.046473075,0.35650755,0.19708045,0.17809042,0.39611632,-0.14320521,0.19017412,0.22421099,-0.49120122,0.18147323,-0.083399221,-0.46808279,-0.089631549,0.1735319,0.021098548,-0.22031608,-0.21690066,-0.15057261,-0.34300098,-0.65736951,-0.66088173,0.35769739,-0.19112239,-0.11850487,-0.19062463,0.13220615,-0.21652551,-2.619331,-0.1417074,-0.80523859,-0.21080939,-0.90634521,0.29771414,-0.95646323,0.09193701,-0.053342971,-0.71865781,0.063043343,0.077969212,-0.26074213,0.27133527,0.23511759,-0.13314312,0.11742306,-0.0015830937,-0.20176997,-0.55102779,0.18649718,-0.45583789,-0.19326237,-0.20844203,0.36677916,0.14714034,-0.34989854,0.33492136,0.021528172,0.42281632,-0.094149909,0.35710852,-1.0731755,-0.20673602,0.1308174,0.08594511,0.36084463,-0.79421489,0.063993879,-1.8846591,0.5189807,0.33291716,0.056636264,-0.1131443,0.15428421,-0.29579155,0.15413281,0.12400766,0.25236789,0.098449421,0.089935732,0.24028755,0.22974313,-0.16669141,-0.24007709,-0.055282175,-0.12974322,-0.067394686,-0.70694867,0.046596272,0.35531352,0.44048275,0.17449344,-0.059327451,0.076138147,-0.43721041,-0.071689726,-1.1431151,0.4584938,0.66569434,0.46023884,-1.2023051,-1.4259045,-0.06036986,-0.34511218,-0.15746553,0.073105745,-0.10649594,0.01998749,0.044119672,-0.51909187,-2.7001436,-0.4964508,-0.49817349,-2.3708615,-1.8354693,-2.0372212,-0.57280359,0.29759201,0.10117508,0.64662696,0.11974639,0.34059775,-1.0726262,0.063755015,0.22590258,0.059447432,0.28926519,-0.074702121,-0.098489767,-1.2473585,0.011490319,-0.097481207,0.29089995,0.31739248,-0.10560158,-0.72787351,0.16448391,0.42856019,-0.086267307,0.050094944,-0.90620988,-0.32718529,-0.10499906,0.24056797,-1.1263087
-49.373712,1,2.2911677e-06,12,4095,0,50.338185,0.23334242,1.4956377,0.15104474,0.47131712,0.5,-0.32611836,0.017188497,-0.18990236,-0.19434228,0.32432967,0.06440602,0.41920408,0.4421956,0.099783206,-0.16673739,-0.28424508,-0.45923599,0.12693906,0.4201386,0.26967141,-1.7912187,-0.45121987,0.088995149,-0.016860981,0.37342833,-1.4993463,0.39990972,0.48839108,0.37856531,0.47186477,-0.067058234,0.19118076,0.40407066,-0.108124,0.094156576,-0.06783775,-0.3816027,0.41712815,-0.50563653,0.052154996,-0.39517978,-0.63011272,-0.41553334,-1.2039217,-0.33536882,-0.64048098,-0.31615884,-1.0855796,-2.0656914,-2.3326898,0.025184101,-0.13073092,-0.036128285,0.044607421,0.044741925,-0.14281891,-0.086938862,0.24809467,-0.17393705,-0.29120753,-0.84606521,-0.55388087,0.081251794,0.083346861,-0.46899353,-0.28555997,0.070342217,0.17999445,-0.027709076,-0.16382376,0.28453879,0.41685222,0.25064942,0.37202041,0.093899102,-0.50819949,0.10645454,-0.105764,-0.17171601,0.21722496,-0.20859852,0.29249515,0.066862848,-1.2252719,-0.39492969,0.61260173,-0.13095281,0.31006777,0.29581159,0.47537364,-0.049993899,-0.022356252,-0.41343627,0.15837699,0.36955724,-0.068086381,0.21660567,-0.27906013,0.35363172,0.069652371,0.13005715,0.18004098,0.38720286,0.21551568,0.18869843,0.20728841,0.051922298,-0.13789908,-0.046065889,0.17517832,0.44602781,-0.047329234,0.4260376,0.3209217,0.077738831,0.19930503,-0.30495166,-0.57981474,-0.13543862,0.460483,-0.19836697,0.23318234,-0.13260404,-2.8760108,0.2881695,0.064509662,0.040990954,0.23100344,0.35711052,0.37545661,0.20013307,0.321323,-0.21121729,0.21917968,0.14109966,-0.16797679,-0.5168249,0.099274312,-0.23032375,-0.1800368,-0.12926723,-0.36246037,0.071706372,-0.44355944,-0.031842561,-0.2498739,-0.66496985,-0.47251841,-0.27793707,-0.5801685,0.11600752,-0.14611087,-0.18565577,-0.32091326,0.045719148,0.35852485,0.19810129,0.17860933,0.39882787,-0.14499888,0.19087701,0.22495663,-0.4965369,0.1812021,-0.085057639,-0.47262258,-0.091359947,0.17412686,0.020121635,-0.22361585,-0.21973394,-0.15242575,-0.34683831,-0.66387109,-0.66692931,0.36140658,-0.19388961,-0.12005115,-0.19407469,0.13178948,-0.22002273,-2.6413466,-0.14513038,-0.81105955,-0.21248038,-0.91575897,0.2974307,-0.9665175,0.092889801,-0.054086154,-0.72635012,0.061849226,0.077364899,-0.26335414,0.27279897,0.23550767,-0.13444864,0.11610581,-0.0019620568,-0.20538804,-0.55692477,0.18825709,-0.45923216,-0.19441835,-0.21030378,0.36781552,0.14579977,-0.3519405,0.33464803,0.01918696,0.42466442,-0.096647611,0.35907983,-1.0823691,-0.20914801,0.13118205,0.085808278,0.36263993,-0.80159281,0.062721328,-1.8990017,0.52370789,0.33682323,0.056520674,-0.11428142,0.15593976,-0.29778413,0.15654709,0.12521654,0.25434106,0.099242964,0.09101678,0.24235048,0.22945551,-0.16770488,-0.24138664,-0.055631124,-0.13114878,-0.069351841,-0.71333742,0.045281215,0.35742994,0.44318819,0.17397454,-0.061966154,0.074344312,-0.44019537,-0.075136287,-1.1509068,0.45897249,0.6689613,0.46143841,-1.2113114,-1.4392409,-0.055569134,-0.35075318,-0.16119833,0.071590678,-0.10904768,0.018013715,0.042709223,-0.5252327,-2.7224917,-0.5017511,-0.50322221,-2.3899243,-1.851007,-2.0540288,-0.57766306,0.29808352,0.099544869,0.6510117,0.11760975,0.34080982,-1.0836435,0.061090754,0.22429153,0.057059061,0.28924117,-0.075410511,-0.099977659,-1.25793,0.010195774,-0.099976659,0.29134353,0.31877109,-0.10828675,-0.73487442,0.16409679,0.43060901,-0.086797854,0.047907281,-0.91246204,-0.32952077,-0.10601322,0.24014942,-1.1345103
-48.847355,1,2.2911677e-06,12,4095,0,51.509516,0.23231534,1.4979225,0.15167952,0.47183722,0.5,-0.32363572,0.018591947,-0.19290528,-0.19226326,0.32446922,0.065730812,0.41783445,0.44141271,0.10103861,-0.16500184,-0.28201114,-0.45630345,0.1282016,0.41864278,0.26987828,-1.784361,-0.44834737,0.090244054,-0.015173295,0.37355244,-1.4934907,0.39918395,0.48704881,0.37811019,0.47083203,-0.065532132,0.19173711,0.40259181,-0.10662844,0.095664441,-0.066499132,-0.37925972,0.41741515,-0.50295741,0.053818956,-0.39284147,-0.62700472,-0.41255321,-1.1990025,-0.33298228,-0.63700106,-0.31362876,-1.0807133,-2.0579925,-2.3241635,0.026623765,-0.12872761,-0.034341954,0.0456746,0.045816312,-0.14112194,-0.085440694,0.24880815,-0.17171666,-0.28867198,-0.84186828,-0.55050428,0.082270245,0.084754451,-0.46626599,-0.28341959,0.071392004,0.18063055,-0.026030876,-0.16168446,0.28504727,0.4164982,0.25120448,0.37216882,0.09508261,-0.50512411,0.10738223,-0.10413899,-0.16948279,0.21760102,-0.20674896,0.29198908,0.067570884,-1.2205788,-0.39285603,0.61180821,-0.12845738,0.31109702,0.29682667,0.47562073,-0.047865261,-0.021305564,-0.41019137,0.15876325,0.36832976,-0.066985801,0.21653068,-0.28218558,0.35294239,0.071456951,0.13160221,0.1813928,0.38772946,0.21674609,0.18998726,0.20843792,0.053573182,-0.13983094,-0.044090709,0.17654714,0.44649595,-0.045019018,0.42687396,0.32226046,0.079880839,0.2010238,-0.30346913,-0.57745847,-0.13431091,0.4606097,-0.19568465,0.23431115,-0.13026846,-2.865346,0.28916013,0.066341658,0.042971932,0.23244446,0.35816987,0.37651343,0.20186809,0.31980257,-0.20823726,0.21839676,0.14293938,-0.16685361,-0.51458779,0.099599213,-0.22882292,-0.17738459,-0.12686764,-0.3603813,0.073321667,-0.44113259,-0.029954155,-0.24727782,-0.66106808,-0.47001115,-0.27599573,-0.57723674,0.11683251,-0.14435938,-0.1837061,-0.31847697,0.04700649,0.35850269,0.19874388,0.17930694,0.39842826,-0.1432209,0.19146274,0.22543559,-0.49335385,0.18221027,-0.083440355,-0.46952034,-0.089696849,0.17503656,0.021586111,-0.22149814,-0.21752397,-0.15048752,-0.34419381,-0.660293,-0.66334915,0.36089515,-0.19171974,-0.11828516,-0.19186878,0.13292863,-0.21777205,-2.6316201,-0.14301615,-0.80721216,-0.21058454,-0.91116042,0.29827753,-0.96163352,0.093539311,-0.052928544,-0.72221378,0.063508832,0.078869676,-0.26126757,0.27300093,0.23636003,-0.13274352,0.11745569,-0.0007393557,-0.2029774,-0.55350254,0.18873832,-0.45656409,-0.1926657,-0.20859255,0.3683336,0.14721697,-0.34978734,0.33551685,0.021108616,0.42490883,-0.0944721,0.35937445,-1.0777975,-0.20729222,0.1324625,0.086757876,0.36285014,-0.79748445,0.064148554,-1.8918672,0.5223518,0.33612632,0.057575585,-0.1125588,0.15662258,-0.29544316,0.15702031,0.12594431,0.25455542,0.10020137,0.091987641,0.2426364,0.23029107,-0.16587156,-0.23931156,-0.054234592,-0.12946476,-0.067554529,-0.70945526,0.046446284,0.35733645,0.44269296,0.17487494,-0.060202859,0.075766862,-0.43751493,-0.073067469,-1.146123,0.45937765,0.66801214,0.46177232,-1.2066494,-1.432819,-0.057129905,-0.34765856,-0.1587385,0.073242743,-0.10692633,0.019663433,0.044227015,-0.52196792,-2.7125492,-0.49864741,-0.50018743,-2.3812212,-1.8439615,-2.046393,-0.57420727,0.29851636,0.1007892,0.6493641,0.11904545,0.34145593,-1.0784155,0.062843422,0.22559842,0.058880316,0.29020668,-0.074124019,-0.098668937,-1.2520955,0.011987973,-0.097842302,0.29218172,0.31942394,-0.10605872,-0.73069894,0.16541518,0.43074585,-0.08556912,0.049675881,-0.90866005,-0.32751505,-0.10464196,0.24117853,-1.1299442
-48.826127,1,2.2911677e-06,12,4095,0,50.282267,0.23235128,1.4902949,0.15134175,0.47442528,0.5,-0.32805761,0.017763489,-0.18283823,-0.19395267,0.3275329,0.065747681,0.42490244,0.4465579,0.10006661,-0.16747478,-0.28653743,-0.46323972,0.12686654,0.42558136,0.27205784,-1.8043829,-0.45429808,0.089329866,-0.017672867,0.37698516,-1.5103253,0.40421874,0.49289335,0.38243146,0.47594486,-0.067175598,0.1936688,0.40993619,-0.10733137,0.09534824,-0.067115245,-0.38262259,0.41934571,-0.50797637,0.053184876,-0.39702141,-0.63440361,-0.41741848,-1.2123052,-0.33785811,-0.64523729,-0.31766788,-1.0932759,-2.0793154,-2.3488343,0.02470927,-0.13263368,-0.037546783,0.045938491,0.04538251,-0.14270572,-0.087153548,0.25111536,-0.17337411,-0.29085693,-0.85373676,-0.55975613,0.084071694,0.083863828,-0.47080495,-0.28682853,0.071179841,0.18276641,-0.027640701,-0.16513707,0.28787254,0.41963401,0.25140091,0.37348961,0.094180329,-0.50995268,0.10989027,-0.10509251,-0.17404283,0.22019226,-0.20852851,0.29737994,0.069633809,-1.2317279,-0.39537751,0.61684789,-0.1326996,0.31082381,0.29713094,0.47748195,-0.051358611,-0.021034914,-0.41698263,0.16082216,0.37458463,-0.067422348,0.21966823,-0.27214028,0.35655332,0.070832564,0.13063255,0.18156808,0.38956374,0.21706831,0.19052176,0.20962343,0.053254609,-0.13194172,-0.047387624,0.17496648,0.44762746,-0.049702833,0.42700804,0.32094944,0.077027662,0.20031414,-0.30503436,-0.58300269,-0.1361416,0.46424283,-0.19925036,0.23624371,-0.13334626,-2.8970467,0.28954601,0.063870109,0.03998494,0.23126783,0.35827401,0.37670507,0.19997395,0.32618355,-0.21373478,0.22398519,0.14160915,-0.16882812,-0.51950612,0.10029712,-0.23234615,-0.17969516,-0.1291831,-0.36483988,0.073150225,-0.44650178,-0.03258912,-0.25238703,-0.67057777,-0.47540779,-0.27993451,-0.58468229,0.11632377,-0.14789149,-0.1878254,-0.32411946,0.046385298,0.36144185,0.20063828,0.18032113,0.40221361,-0.14516508,0.19267901,0.22659516,-0.50013018,0.18213862,-0.085336922,-0.47490714,-0.091665381,0.17647238,0.020774996,-0.22583081,-0.22085981,-0.15233541,-0.34885284,-0.66874918,-0.67095035,0.36648526,-0.19498284,-0.11977966,-0.19636941,0.13275216,-0.22230291,-2.6612657,-0.14758621,-0.81405313,-0.21215073,-0.92376966,0.29797163,-0.97507773,0.095301245,-0.053704568,-0.73218304,0.06254534,0.078814847,-0.26435058,0.2751649,0.2373371,-0.13386681,0.11585514,-0.00074325674,-0.20752713,-0.56102362,0.19182478,-0.46036979,-0.1934528,-0.21075474,0.37010891,0.14566017,-0.35172544,0.33525807,0.018324879,0.42788885,-0.097218946,0.36264929,-1.0900277,-0.21029757,0.1339447,0.086859094,0.36567216,-0.80690027,0.062733455,-1.910459,0.5288924,0.34184231,0.05785214,-0.11334249,0.15977093,-0.29704049,0.16134445,0.12829769,0.25770751,0.10206845,0.094413325,0.246054,0.22996252,-0.16628527,-0.23997273,-0.053960936,-0.13080285,-0.069777429,-0.71730578,0.04460866,0.36037108,0.44634652,0.17419392,-0.063753653,0.073362263,-0.44053896,-0.077744505,-1.1554617,0.45993841,0.67220964,0.46362311,-1.2184188,-1.4504342,0.64802279,-0.35512931,-0.16344094,0.071664553,-0.1098458,0.017217059,0.042670161,-0.53015394,-2.7425388,-0.50546096,-0.50661815,-2.4066446,-1.8649076,-2.068961,-0.57973986,0.29913686,0.098459697,0.65484219,0.11600736,0.34182743,-1.0932251,0.059225171,0.22338091,0.055875018,0.29054969,-0.07466866,-0.10064791,-1.265275,0.011006643,-0.10063859,0.29324512,0.32202943,-0.10908977,-0.73931697,0.16553028,0.43397183,-0.085856483,0.046980991,-0.91637375,-0.33019018,-0.10565129,0.24085614,-1.1403278
-49.257736,0.84824922,2.2911677e-06,12,4095,0,51.111788,0.23213223,1.4927723,0.15153313,0.47192557,0.5,-0.32642119,0.018226211,-0.18608367,-0.19312364,0.32671399,0.065970578,0.42274352,0.44501289,0.10053665,-0.16650783,-0.28492416,-0.46084433,0.12743381,0.42342981,0.27148378,-1.7977094,-0.45217619,0.089783455,-0.016709837,0.3760675,-1.5047031,0.4027126,0.49105587,0.38116486,0.47435823,-0.066471625,0.19323063,0.40768395,-0.10688242,0.095696045,-0.066721374,-0.38129499,0.41885374,-0.50614038,0.053648806,-0.39547797,-0.63184841,-0.41556272,-1.207812,-0.33612092,-0.6423843,-0.31612325,-1.0889904,-2.072124,-2.3405848,0.025466763,-0.13123304,-0.036376888,0.046043752,0.045673799,-0.14198254,-0.086436798,0.25061057,-0.17252491,-0.28980326,-0.84977419,-0.55665665,0.083761343,0.084343207,-0.4690866,-0.28553034,0.071407564,0.18229061,-0.026915136,-0.16382868,0.28719052,0.41869699,0.2514193,0.37312927,0.09461736,-0.50808681,0.10937538,-0.10455097,-0.17242212,0.21954428,-0.20772199,0.2958238,0.069191335,-1.2278519,-0.39432794,0.61533255,-0.13111017,0.31106194,0.2972142,0.47700034,-0.050042787,-0.020934578,-0.41456272,0.16031563,0.372661,-0.067124689,0.21878504,-0.27541133,0.3554232,0.071322793,0.13116094,0.18175453,0.38914594,0.21719113,0.19060055,0.20950231,0.053632754,-0.13441757,-0.046154822,0.17561981,0.44738177,-0.048035426,0.42709894,0.32152368,0.078175296,0.20080835,-0.30435929,-0.58109283,-0.13546893,0.46327504,-0.19780105,0.23592207,-0.13209708,-2.886494,0.28960323,0.064854424,0.04113603,0.23182879,0.35841887,0.37682629,0.20078433,0.3241659,-0.21171342,0.22231896,0.1422926,-0.16811825,-0.51778716,0.10013648,-0.23114857,-0.1785847,-0.1281229,-0.36327595,0.073482429,-0.44462511,-0.031548964,-0.2505458,-0.66730128,-0.47350725,-0.27853686,-0.58215126,0.11658358,-0.14664123,-0.18637896,-0.3221693,0.046769246,0.36062286,0.20022727,0.18015314,0.40109794,-0.14432988,0.19243508,0.22634446,-0.49772593,0.18232018,-0.084547393,-0.4728879,-0.090847456,0.17623645,0.021245578,-0.22429313,-0.21956743,-0.15149305,-0.34712064,-0.66581798,-0.66824541,0.36487824,-0.1937181,-0.11906623,-0.19476956,0.13298823,-0.22068571,-2.651451,-0.14598731,-0.81149474,-0.2113914,-0.91952843,0.29818131,-0.97055697,0.094926317,-0.053305226,-0.7287369,0.063095542,0.079093331,-0.2631502,0.2745938,0.23721046,-0.13326421,0.11651055,-0.0005354868,-0.20587252,-0.55837274,0.19106775,-0.45885855,-0.19292947,-0.20987506,0.36970468,0.14631737,-0.35081497,0.33545968,0.0194102,0.42711426,-0.096090602,0.36180729,-1.0858905,-0.20916505,0.13377187,0.086983278,0.36493141,-0.80360546,0.063356042,-1.9041081,0.52687528,0.34016439,0.057951536,-0.11282641,0.15903825,-0.2961825,0.16026148,0.12778289,0.25687984,0.10172835,0.093928562,0.24517124,0.23017655,-0.16584454,-0.23941717,-0.0537911,-0.13014746,-0.068864927,-0.71447292,0.04528968,0.35951268,0.44524634,0.17451442,-0.062496743,0.074245206,-0.43923268,-0.076127575,-1.1520486,0.45982938,0.67088065,0.46316174,-1.2143846,-1.4444907,-0.052709081,-0.352561,-0.16173647,0.072375824,-0.10868256,0.018158056,0.043348805,-0.52735925,-2.732588,-0.50306281,-0.50433546,-2.3981589,-1.8579504,-2.0614521,-0.57760953,0.29901851,0.099286222,0.65304176,0.11705959,0.34181756,-1.0882717,0.06049591,0.22418883,0.056997824,0.29061258,-0.074304391,-0.099899033,-1.2606282,0.011588869,-0.099505519,0.29309269,0.32143464,-0.10787548,-0.73622084,0.16572564,0.4331113,-0.085572127,0.048011399,-0.91359259,-0.32911404,-0.10514676,0.24110785,-1.1366815
-48.940278,1,2.2911677e-06,12,4095,0,50.586439,0.23031698,1.4976702,0.15162132,0.46956735,0.5,-0.32388253,0.01846389,-0.19257073,-0.19161218,0.32447852,0.065982779,0.41819185,0.44128285,0.10052495,-0.16550356,-0.28281185,-0.4572306,0.12746702,0.41863322,0.26938438,-1.7856594,-0.44877626,0.089757207,-0.015797094,0.37382495,-1.4947911,0.39903361,0.48645804,0.37791496,0.47021341,-0.065928915,0.19174414,0.4029683,-0.10649858,0.096059276,-0.066620928,-0.37912635,0.4169339,-0.50318624,0.054321567,-0.39322037,-0.62786276,-0.41209692,-1.1999538,-0.33370268,-0.63764737,-0.31354205,-1.0813082,-2.0584451,-2.3250575,0.025881624,-0.1296081,-0.035218496,0.045575489,0.045291824,-0.14115094,-0.085936659,0.24938747,-0.17076715,-0.28743703,-0.84338503,-0.55202534,0.083070487,0.084587779,-0.46610181,-0.28370595,0.070964112,0.18092502,-0.026112942,-0.16201072,0.28559413,0.41563051,0.25006525,0.37098672,0.094472642,-0.50446306,0.10847135,-0.10391271,-0.1703264,0.21770582,-0.20660019,0.29246002,0.067926602,-1.2206501,-0.39274109,0.61173034,-0.12859069,0.31057135,0.29665928,0.47502342,-0.048254854,-0.021438131,-0.41042172,0.15850823,0.36817523,-0.067469679,0.21611923,-0.28233951,0.35172976,0.072250766,0.13166384,0.18181083,0.38765487,0.21702024,0.19051362,0.20911907,0.05425752,-0.13956836,-0.044652264,0.175855,0.44581414,-0.045823984,0.42622443,0.32164503,0.079899191,0.20157984,-0.30392783,-0.5786531,-0.13561436,0.46108929,-0.19500597,0.23545788,-0.12996555,-2.8663851,0.28900905,0.066010805,0.042605117,0.23215102,0.35795619,0.3763516,0.20168779,0.31911121,-0.20819824,0.21839112,0.14334579,-0.16826033,-0.5156359,0.098319323,-0.23044941,-0.17598376,-0.1259625,-0.36145316,0.074036927,-0.44208494,-0.030259178,-0.24773198,-0.66168209,-0.47082132,-0.27701393,-0.57848003,0.11576438,-0.14550359,-0.18482693,-0.31958627,0.046776791,0.35811648,0.1988917,0.17898136,0.39794678,-0.14331362,0.19105278,0.22478291,-0.49368542,0.18178887,-0.083819391,-0.46914779,-0.090031352,0.17540388,0.021590238,-0.22241396,-0.21763215,-0.15020477,-0.34427314,-0.6608883,-0.66340908,0.36158144,-0.19186269,-0.11812277,-0.19272014,0.13269676,-0.21855154,-2.6332477,-0.14410438,-0.80628849,-0.21021515,-0.91234448,0.29737196,-0.96278316,0.093592214,-0.053504927,-0.72265881,0.06379609,0.079432265,-0.26146543,0.27248378,0.23632323,-0.13247534,0.11672616,-0.00070740834,-0.20345563,-0.55382348,0.18937042,-0.45607733,-0.19210391,-0.20895568,0.36819585,0.14664199,-0.34916378,0.33468386,0.020755294,0.42510647,-0.094286541,0.35985938,-1.0787711,-0.20789501,0.13358047,0.086326277,0.36284645,-0.7976225,0.063696955,-1.8917458,0.52240483,0.3365261,0.057461603,-0.11204503,0.15767645,-0.29423882,0.15848815,0.12654321,0.2547415,0.10092352,0.093096356,0.24314387,0.22936139,-0.16491804,-0.23804833,-0.053692824,-0.12936617,-0.06778377,-0.70907454,0.045208032,0.35687955,0.44194774,0.17384565,-0.061344285,0.074664565,-0.436525,-0.074334477,-1.1449199,0.45816881,0.66695327,0.46133399,-1.2071606,-1.433507,-0.057420148,-0.34863574,-0.15922668,0.073125791,-0.10695278,0.018996472,0.043864689,-0.52302255,-2.7139531,-0.49915495,-0.50059076,-2.3822273,-1.8454648,-2.0477356,-0.57323645,0.29741664,0.099378557,0.64802916,0.1175398,0.34060072,-1.0797417,0.061599414,0.224345,0.058172674,0.28996521,-0.074306843,-0.099701234,-1.2511782,0.012526345,-0.097769223,0.29217503,0.32011329,-0.1059502,-0.73021848,0.16572274,0.43091565,-0.085708366,0.049073708,-0.90836864,-0.3276234,-0.10495351,0.24063279,-1.1297992
-48.809556,1,2.2911677e-06,12,4095,0,50.923233,0.2325798,1.4958975,0.15194226,0.46910021,0.5,-0.32401565,0.019155966,-0.19020483,-0.19202333,0.32599763,0.066469484,0.42014079,0.44340095,0.10161313,-0.16482686,-0.28234817,-0.45726951,0.12870957,0.42097286,0.27126061,-1.7887899,-0.44911407,0.090830537,-0.014989653,0.37512687,-1.4970652,0.40116447,0.48922034,0.37994696,0.47286748,-0.065149719,0.19300035,0.40495246,-0.10605836,0.096295266,-0.065875661,-0.37939951,0.4187216,-0.50349646,0.054353002,-0.39313761,-0.62810452,-0.41314108,-1.2016739,-0.33342372,-0.63835226,-0.31394812,-1.0832314,-2.0628772,-2.3298909,0.02697824,-0.12888635,-0.034312647,0.046524625,0.046535333,-0.14076865,-0.085063941,0.25008697,-0.17150712,-0.28863631,-0.84407777,-0.55200908,0.083409404,0.085305589,-0.46672595,-0.28352173,0.072157137,0.18191018,-0.025680565,-0.16179475,0.2864543,0.41814245,0.25216442,0.37341752,0.095687783,-0.50572524,0.10866461,-0.1036493,-0.16982097,0.21901613,-0.20646823,0.29400034,0.06883693,-1.2227758,-0.39276247,0.61371408,-0.12880073,0.31185886,0.29768984,0.47692204,-0.047974982,-0.020445258,-0.41120668,0.16009568,0.37057162,-0.066268328,0.21814768,-0.27935443,0.35475229,0.071956914,0.13210483,0.18214928,0.38896304,0.21755842,0.19082306,0.20942177,0.054168504,-0.1374486,-0.0441262,0.17698767,0.4476321,-0.045385713,0.42775881,0.32277014,0.079893627,0.20153162,-0.30304709,-0.57801468,-0.13386212,0.46218799,-0.19595306,0.23542512,-0.13035788,-2.8729381,0.29004301,0.066498745,0.042997542,0.23294185,0.35898967,0.37734915,0.20216401,0.32215789,-0.20893586,0.22053549,0.14330376,-0.16642982,-0.51499561,0.10071163,-0.22878679,-0.17740828,-0.12683012,-0.36066632,0.073952112,-0.44167708,-0.029846582,-0.2478127,-0.66276187,-0.47058057,-0.27614846,-0.57830079,0.1175994,-0.14438653,-0.18389302,-0.3190731,0.047637571,0.36004672,0.19997836,0.18037656,0.40017621,-0.14295657,0.19259496,0.22658228,-0.49435417,0.18300927,-0.083128016,-0.47023728,-0.089409437,0.17612725,0.022137934,-0.2217683,-0.21763061,-0.1502448,-0.34465903,-0.66171029,-0.66460529,0.36289693,-0.19180264,-0.1179331,-0.19219077,0.13367646,-0.2181121,-2.6385854,-0.1433243,-0.80838047,-0.21027388,-0.91361062,0.29907905,-0.96430971,0.094762471,-0.052290684,-0.7240541,0.0639832,0.079549376,-0.26129425,0.27438166,0.23738067,-0.13230445,0.11789348,2.4837013e-05,-0.20336039,-0.55470355,0.19021334,-0.45686653,-0.19216917,-0.20835059,0.3695618,0.14764745,-0.34960231,0.33632282,0.021183971,0.42637861,-0.094458842,0.36088692,-1.0801787,-0.20724744,0.1334727,0.087605272,0.36431719,-0.799217,0.064598431,-1.8960888,0.52455453,0.33820007,0.058430272,-0.11206032,0.15806417,-0.29524303,0.15869746,0.12724696,0.2560934,0.10136501,0.093247854,0.24419989,0.23108864,-0.16532522,-0.23886659,-0.053457456,-0.12906184,-0.067348512,-0.71083393,0.046884504,0.35891267,0.44443605,0.1755925,-0.060232155,0.076039754,-0.43766835,-0.073376006,-1.1479902,0.46044078,0.66986316,0.46305129,-1.2089609,-1.4366769,-0.05494477,-0.34875251,-0.15915872,0.073606802,-0.10693188,0.019867885,0.044627809,-0.52325054,-2.7196369,-0.49963499,-0.50108576,-2.3871357,-1.8486115,-2.0514992,-0.57503683,0.29957961,0.10112234,0.651502,0.11920809,0.34242406,-1.0814339,0.062817837,0.22594956,0.058944689,0.29108896,-0.073473358,-0.098294655,-1.2549716,0.012426217,-0.097827949,0.29321802,0.32075441,-0.1061116,-0.73229709,0.16616984,0.43227554,-0.084854103,0.049807779,-0.9099809,-0.32743953,-0.10409913,0.24192884,-1.1319652
-48.377143,0.99841106,2.2911677e-06,12,4095,0,49.784351,0.23360224,1.5072484,0.15156555,0.47171822,0.5,-0.31960998,0.018298164,-0.20538863,-0.19207622,0.31955089,0.064183252,0.40828408,0.43427864,0.10117588,-0.1631044,-0.27748652,-0.44884942,0.12891616,0.40947502,0.26631291,-1.7612165,-0.44239469,0.090296225,-0.013158626,0.36804752,-1.4741104,0.39216426,0.47948447,0.37191199,0.46407631,-0.064683204,0.18811465,0.39272809,-0.10725022,0.094412342,-0.067052001,-0.37674904,0.41414529,-0.49824564,0.052870596,-0.38901752,-0.61905528,-0.40847915,-1.1840248,-0.32810279,-0.62820047,-0.31027822,-1.0668424,-2.0338934,-2.295812,0.028028786,-0.12487999,-0.031325395,0.044068705,0.045323361,-0.14059829,-0.084444783,0.24436758,-0.17176635,-0.28829668,-0.82820222,-0.53992527,0.078251347,0.084558636,-0.46238419,-0.28056294,0.070576211,0.17657243,-0.025434327,-0.15874786,0.28003311,0.41210695,0.25039084,0.37007433,0.095202135,-0.50123948,0.10233981,-0.10452948,-0.16489227,0.21314607,-0.20611545,0.28411122,0.063539437,-1.2087497,-0.39133701,0.60483128,-0.12471953,0.31042,0.29523333,0.47251584,-0.044838319,-0.022901949,-0.40337789,0.15515983,0.35995869,-0.067513414,0.21178262,-0.29443131,0.3482213,0.070308757,0.13135581,0.17955879,0.38430083,0.21483643,0.18765691,0.20524001,0.052134979,-0.15005789,-0.041176401,0.17752153,0.44428807,-0.040315243,0.42579952,0.32285401,0.081873896,0.20013345,-0.30269879,-0.57148493,-0.13264056,0.45476429,-0.1932854,0.22993121,-0.12818937,-2.8285886,0.28746716,0.068128753,0.045389444,0.2326771,0.35684549,0.37505164,0.20286704,0.31161994,-0.20313008,0.2105717,0.14288556,-0.16494867,-0.50945576,0.098274307,-0.22493644,-0.17695678,-0.12609591,-0.35576769,0.071694773,-0.43552412,-0.027987725,-0.24229176,-0.65078228,-0.4644667,-0.2720274,-0.56897629,0.11679263,-0.14078204,-0.179451,-0.31243145,0.046533849,0.35399863,0.19506762,0.17698176,0.39303444,-0.14222621,0.18895881,0.22316451,-0.48649068,0.18122798,-0.08230666,-0.46477567,-0.088508499,0.17175032,0.021184172,-0.21712558,-0.21487208,-0.14985883,-0.34000311,-0.65127151,-0.65570102,0.35268183,-0.18912976,-0.1179946,-0.18733988,0.13194006,-0.21325636,-2.596898,-0.13824931,-0.8011391,-0.21035399,-0.89684248,0.29789339,-0.94635567,0.090070433,-0.052985538,-0.71150679,0.063096638,0.077200641,-0.25886123,0.26946709,0.23389161,-0.1329688,0.11848175,-0.002120938,-0.19864101,-0.5457656,0.18334153,-0.45377693,-0.19349423,-0.20716391,0.36501235,0.14808628,-0.34930514,0.33503027,0.023274768,0.41998161,-0.092710646,0.35390394,-1.0640708,-0.20470266,0.12861264,0.085570056,0.35823062,-0.78763506,0.06476972,-1.8713842,0.5136367,0.32795476,0.055965796,-0.11335105,0.15086158,-0.29575227,0.14962097,0.12141493,0.24939924,0.096154871,0.08702205,0.23695408,0.22995403,-0.16740413,-0.24076748,-0.056292313,-0.12931743,-0.066133284,-0.70180901,0.048091612,0.3527708,0.43763701,0.17501711,-0.056602372,0.077987541,-0.4359932,-0.068059484,-1.1373026,0.45818167,0.66263036,0.45856983,-1.1937874,-1.4129263,-0.065454943,-0.33954572,-0.15421698,0.073830143,-0.10481716,0.021646001,0.044955185,-0.51295206,-2.6775697,-0.49162019,-0.49368327,-2.351901,-1.8195871,-2.020215,-0.56970102,0.29718013,0.10312696,0.64277843,0.12227477,0.34024291,-1.0614103,0.066581714,0.22768761,0.061539635,0.28861571,-0.074723267,-0.096996804,-1.2385252,0.011426726,-0.095947479,0.28959295,0.31457519,-0.1039113,-0.72221173,0.16372148,0.42555751,-0.086505558,0.051904196,-0.90113619,-0.32565856,-0.10460867,0.24057671,-1.1191683
-48.555135,0.99547764,2.2911677e-06,12,4095,0,49.38117,0.23416982,1.5035834,0.15156367,0.47464679,0.5,-0.32126661,0.018331184,-0.20046515,-0.19266508,0.32140568,0.064517138,0.41190125,0.43714216,0.10124219,-0.16375366,-0.27904138,-0.45152652,0.12886814,0.41313446,0.26788779,-1.7700544,-0.44473485,0.090384351,-0.013794008,0.3700021,-1.4814232,0.39498638,0.48279194,0.37441563,0.46705698,-0.064965202,0.18943759,0.39647003,-0.10721779,0.094541372,-0.066910975,-0.37799276,0.41558701,-0.50018508,0.052819719,-0.39051589,-0.6219676,-0.41054022,-1.1897392,-0.32984864,-0.63157417,-0.31184095,-1.0723006,-2.0435837,-2.3069857,0.027707845,-0.12611876,-0.032230133,0.044620382,0.045655669,-0.14095041,-0.084732432,0.24570665,-0.17242366,-0.28928094,-0.83308311,-0.54355291,0.079299799,0.084566555,-0.46420086,-0.2817181,0.070989505,0.17791402,-0.025790926,-0.15992181,0.28162702,0.41423204,0.25118951,0.37142109,0.095328915,-0.50333448,0.10364663,-0.10464682,-0.16645774,0.21475775,-0.206606,0.28694614,0.064838605,-1.2136593,-0.39216558,0.60760618,-0.12632928,0.31082108,0.29581312,0.47395542,-0.046017943,-0.022332192,-0.40617992,0.15661727,0.3633542,-0.067188146,0.21379709,-0.28935325,0.35067078,0.07018549,0.13126667,0.17992131,0.38558933,0.21530757,0.18816162,0.20601535,0.052190095,-0.1460757,-0.042211839,0.17734309,0.44540374,-0.041952235,0.42642837,0.32278108,0.080886497,0.20002728,-0.30291337,-0.5734103,-0.13276235,0.45675063,-0.19478717,0.23093835,-0.12935239,-2.8430893,0.28808652,0.067426302,0.044448848,0.23258386,0.3573437,0.37557717,0.20239781,0.31522815,-0.20538622,0.21363603,0.14252682,-0.16511178,-0.51112507,0.099357006,-0.22578525,-0.17805172,-0.12705731,-0.35721719,0.071814736,-0.43744325,-0.028771988,-0.24422147,-0.654776,-0.46643636,-0.27324293,-0.57181058,0.11723307,-0.14177096,-0.18072817,-0.31444168,0.046691629,0.3558996,0.19633054,0.177953,0.3953622,-0.14273499,0.19005099,0.22429467,-0.48925448,0.18170149,-0.082716687,-0.46706353,-0.088965615,0.17273417,0.021189548,-0.21855872,-0.21604606,-0.15042369,-0.34182144,-0.65476742,-0.65893201,0.35553662,-0.19026036,-0.11835795,-0.18887201,0.13231209,-0.21482253,-2.6102573,-0.13975207,-0.80426237,-0.21080208,-0.90216896,0.29838329,-0.95209238,0.091305472,-0.05279747,-0.7157719,0.062946788,0.077414208,-0.25988784,0.27103889,0.2347638,-0.13318213,0.11830614,-0.0017329153,-0.20029947,-0.54888834,0.18504457,-0.45533166,-0.1936209,-0.20770077,0.36629,0.14788785,-0.34999708,0.33552403,0.022425919,0.42173692,-0.093686742,0.35572588,-1.0692673,-0.20558268,0.12941428,0.086131882,0.35997334,-0.79171207,0.064608474,-1.8799189,0.51707832,0.33095233,0.056527039,-0.11346895,0.15247981,-0.29644446,0.15168916,0.12278021,0.25125253,0.097251659,0.088282504,0.23884625,0.23044336,-0.16745917,-0.2410233,-0.055905981,-0.12958621,-0.066742573,-0.70527925,0.04794267,0.35473756,0.4399707,0.17536436,-0.057601354,0.077526555,-0.43730726,-0.069565968,-1.1416927,0.45916823,0.66528215,0.45995988,-1.1988792,-1.4207859,-0.061978616,-0.34246877,-0.15594784,0.073496447,-0.10581656,0.021048406,0.044701475,-0.51619305,-2.6911525,-0.4943518,-0.49625855,-2.363402,-1.8288119,-2.0302593,-0.57221966,0.29817026,0.10278632,0.64609671,0.12161823,0.34104183,-1.0677532,0.065574898,0.22735493,0.060678976,0.28923348,-0.074531361,-0.097263496,-1.244696,0.011201557,-0.096916599,0.29049409,0.31602199,-0.10500391,-0.72608039,0.16408346,0.42743641,-0.086200698,0.051166625,-0.90450242,-0.326507,-0.10460678,0.2409629,-1.1237766
-48.524665,1,2.2911677e-06,12,4095,0,49.376695,0.23429462,1.5027783,0.15169432,0.4725874,0.5,-0.32134913,0.018619246,-0.1993912,-0.19251175,0.32206892,0.064869991,0.41285065,0.43798016,0.10153774,-0.16361446,-0.27910141,-0.45183345,0.12913965,0.41409774,0.2685004,-1.7717213,-0.4449681,0.09068456,-0.013651103,0.37067947,-1.4827539,0.39582296,0.48370231,0.37519904,0.46791812,-0.064745595,0.18999929,0.39743978,-0.10692836,0.094849416,-0.066598332,-0.37798303,0.41616779,-0.50032929,0.053088971,-0.3905632,-0.62232726,-0.41071161,-1.1907172,-0.3299509,-0.63203524,-0.31190263,-1.0732218,-2.0454386,-2.3091682,0.027919437,-0.12610808,-0.032145514,0.045021039,0.046008901,-0.14074568,-0.084514008,0.24626726,-0.17228558,-0.28921356,-0.83387444,-0.54406663,0.079805834,0.084849007,-0.46431772,-0.28168997,0.0713601,0.17847913,-0.025587807,-0.15989778,0.28223755,0.4149485,0.25164292,0.37198754,0.095637576,-0.50351249,0.10420556,-0.10439051,-0.16651862,0.21537769,-0.20643096,0.2877908,0.065399515,-1.214457,-0.39206265,0.60840631,-0.12639955,0.31118986,0.29621798,0.47453515,-0.045993439,-0.021926216,-0.40651369,0.15720908,0.36428985,-0.066835097,0.21450114,-0.28821667,0.35145598,0.070438904,0.13152838,0.18027922,0.38613823,0.21568863,0.18854948,0.20645984,0.052482365,-0.14510753,-0.042155919,0.17758758,0.44592038,-0.042024695,0.42684641,0.32305169,0.080954849,0.20028506,-0.30267562,-0.57355156,-0.1325074,0.45742559,-0.19483515,0.23142921,-0.12932577,-2.8460049,0.28849977,0.067555933,0.044526955,0.23284685,0.35773233,0.37597144,0.20258033,0.31621481,-0.2055977,0.21453642,0.14273039,-0.16486579,-0.51120991,0.099872507,-0.22569029,-0.17801008,-0.12698656,-0.35725443,0.072120978,-0.437584,-0.028661645,-0.24436282,-0.65537239,-0.46658812,-0.27322857,-0.57215311,0.11760981,-0.14170619,-0.18072663,-0.31460148,0.047006678,0.35657253,0.19687893,0.17844175,0.39611451,-0.14256485,0.19056528,0.22481687,-0.48958094,0.18208447,-0.082525153,-0.46728495,-0.088784405,0.17322418,0.021471535,-0.21859162,-0.21602223,-0.1502657,-0.3419396,-0.65525553,-0.65936173,0.3563719,-0.19022698,-0.11815586,-0.18892603,0.13267315,-0.21488441,-2.6129206,-0.13979856,-0.80466531,-0.21061737,-0.90305836,0.29877156,-0.95307124,0.091852152,-0.052474747,-0.71642857,0.063194751,0.077740635,-0.25983145,0.27165077,0.23523002,-0.13294671,0.11855019,-0.0013672048,-0.20038134,-0.54929384,0.18568228,-0.45538989,-0.19336485,-0.20753642,0.36683752,0.14812728,-0.34986379,0.33591353,0.022523064,0.42237365,-0.093619154,0.35637715,-1.070131,-0.20549432,0.12986534,0.086534368,0.36061271,-0.79232837,0.064854687,-1.8815174,0.5179891,0.33181942,0.056929583,-0.11321261,0.15310038,-0.29631172,0.15239727,0.12335178,0.25191867,0.097767292,0.088832337,0.23951897,0.2308309,-0.16718743,-0.24079411,-0.055539482,-0.12936313,-0.066594639,-0.7057615,0.04819206,0.35542389,0.44072316,0.17572139,-0.057537345,0.077709134,-0.43731115,-0.069610886,-1.1423729,0.45966177,0.66607352,0.4605291,-1.1997184,-1.4222349,-0.061074979,-0.34282583,-0.15604449,0.073705143,-0.10575405,0.021200065,0.044927462,-0.51662337,-2.6938659,-0.49467119,-0.49654362,-2.3656567,-1.830564,-2.0321926,-0.57249101,0.29866361,0.1029957,0.64699784,0.12176122,0.34149458,-1.0688652,0.065641061,0.22756959,0.06077498,0.28964644,-0.07420744,-0.097040432,-1.2457739,0.011433095,-0.096847485,0.29096538,0.31660059,-0.10496182,-0.72665061,0.16444143,0.4280964,-0.085851654,0.051288639,-0.90495892,-0.32641014,-0.10432443,0.24132786,-1.124508
-48.543831,1,2.2911677e-06,12,4095,0,49.26881,0.23426194,1.5039538,0.15156144,0.47246752,0.5,-0.32110282,0.018323759,-0.20096151,-0.19267028,0.32121436,0.064452509,0.41152069,0.43686676,0.10125968,-0.16366727,-0.27884618,-0.45121438,0.12891294,0.41277668,0.26776032,-1.7691217,-0.44449203,0.090398076,-0.01370068,0.36978222,-1.4806378,0.39471585,0.48250929,0.3741785,0.46680687,-0.064922079,0.18929743,0.39607698,-0.10724296,0.094484791,-0.066928206,-0.37789581,0.41547029,-0.49999455,0.052772948,-0.39035692,-0.6216375,-0.41038954,-1.1891329,-0.32964156,-0.63121526,-0.31171045,-1.0717449,-2.0426322,-2.3058586,0.027780006,-0.12594832,-0.032092264,0.044561045,0.045648952,-0.14092792,-0.084681487,0.24552184,-0.17244454,-0.28929113,-0.83251613,-0.54310636,0.079127422,0.084563322,-0.46405099,-0.28159874,0.07096831,0.17775058,-0.025764705,-0.159799,0.2814204,0.41407997,0.25118326,0.37136555,0.095347779,-0.50319549,0.10342788,-0.10466523,-0.16625942,0.21458292,-0.20658272,0.28662943,0.064675306,-1.213194,-0.39210674,0.60733511,-0.12617948,0.31080688,0.29575545,0.47384771,-0.045890331,-0.022390133,-0.40590784,0.15648332,0.36303092,-0.067197009,0.21362153,-0.28982963,0.35051303,0.070125199,0.13125727,0.17984221,0.38545825,0.21522846,0.1880607,0.20587725,0.052120795,-0.14648128,-0.042084653,0.17739717,0.44533299,-0.041750269,0.42640114,0.32281834,0.080964862,0.19998159,-0.30287191,-0.57315019,-0.13266811,0.45651303,-0.19470642,0.23074434,-0.12927588,-2.8416306,0.28802521,0.067504736,0.044552598,0.23260064,0.35729786,0.37552483,0.20244206,0.31492348,-0.20518623,0.21333095,0.1425175,-0.1650064,-0.51090134,0.099333531,-0.22559785,-0.17806326,-0.12704471,-0.3570134,0.071737796,-0.4372032,-0.028686846,-0.2440153,-0.65435959,-0.46620176,-0.27306532,-0.57146059,0.11725524,-0.1416059,-0.18053713,-0.31418097,0.046679081,0.35573273,0.19618491,0.17787042,0.39516267,-0.14269275,0.1899633,0.22422122,-0.48897822,0.18167337,-0.082663019,-0.46688494,-0.088910799,0.17259929,0.02117515,-0.21836717,-0.21593879,-0.15040367,-0.34165502,-0.65440135,-0.658631,0.35520153,-0.19015482,-0.11834872,-0.18867566,0.13227967,-0.21462829,-2.6088658,-0.13954155,-0.80404324,-0.21079927,-0.90158354,0.2983886,-0.95147027,0.091170522,-0.052785688,-0.71534333,0.062925675,0.077338279,-0.25978842,0.27091292,0.23466954,-0.13319544,0.11836318,-0.0017862873,-0.20011862,-0.54857806,0.18482132,-0.45523185,-0.19366381,-0.20763584,0.36616438,0.14793538,-0.34999,0.33552399,0.022519226,0.42154104,-0.093620643,0.35550284,-1.0687094,-0.20546751,0.12924145,0.086095807,0.35979425,-0.79132307,0.064643827,-1.8791205,0.51673674,0.33062519,0.05646785,-0.11350967,0.15223329,-0.29648092,0.15136986,0.12259182,0.25104821,0.097079362,0.08806606,0.23861447,0.23045135,-0.16753791,-0.24110557,-0.055996376,-0.12958111,-0.066680847,-0.70498761,0.048034629,0.35456987,0.43978985,0.17539308,-0.057435195,0.077637969,-0.43726734,-0.069342285,-1.1413721,0.45914811,0.66509452,0.45984483,-1.1983645,-1.4199935,-0.062298025,-0.34212988,-0.15575964,0.073523172,-0.10573222,0.021141543,0.044739098,-0.51581709,-2.6897556,-0.49406519,-0.49599454,-2.3622344,-1.8278268,-2.0292073,-0.57206314,0.29814268,0.10290884,0.64586765,0.12177741,0.34101342,-1.06706,0.065748359,0.22746416,0.060798798,0.28917733,-0.074549221,-0.097174566,-1.2441848,0.011169378,-0.096842931,0.29039416,0.31581871,-0.10492123,-0.72575821,0.16401188,0.42723083,-0.086232681,0.051267726,-0.90421324,-0.32643066,-0.10459745,0.24095236,-1.1233576
-48.92145,1,2.2911677e-06,12,4095,0,49.718434,0.2330784,1.4994356,0.15139365,0.47313874,0.5,-0.32355353,0.0179725,-0.19492332,-0.19303155,0.32314822,0.064812256,0.41591583,0.43988841,0.10059341,-0.16517725,-0.28169535,-0.45549803,0.12790576,0.41687694,0.26888611,-1.7810043,-0.44791439,0.089779015,-0.015299166,0.3720832,-1.4907208,0.39766629,0.48564189,0.3766971,0.46951026,-0.065899468,0.19058613,0.40063554,-0.10737188,0.0947488,-0.06716008,-0.37952064,0.41646797,-0.50277303,0.052919483,-0.3927529,-0.62613872,-0.41266171,-1.1970156,-0.33263462,-0.63606265,-0.31374486,-1.0789988,-2.0547259,-2.3201093,0.026438207,-0.12849755,-0.034243326,0.044846632,0.045279279,-0.14164475,-0.085757508,0.24737692,-0.17260573,-0.28957729,-0.83993513,-0.54905361,0.080824863,0.084159055,-0.46632145,-0.28350666,0.070779474,0.17933199,-0.026527483,-0.16175067,0.28354923,0.41551932,0.25079512,0.37158847,0.094662304,-0.50532101,0.1057043,-0.10487435,-0.16915006,0.21630469,-0.20730508,0.29015455,0.066249946,-1.2193323,-0.39326861,0.61033028,-0.12845815,0.31052857,0.29602225,0.47473334,-0.047904164,-0.022124018,-0.40968394,0.15768753,0.36666303,-0.067541968,0.21534308,-0.28409028,0.35201493,0.07044637,0.13093609,0.18038657,0.38664142,0.21576972,0.18887595,0.20715486,0.052549311,-0.141696,-0.044096627,0.17627591,0.44575402,-0.044689151,0.42627962,0.3219003,0.079562148,0.20011616,-0.30383733,-0.57680683,-0.13429661,0.45904965,-0.19611595,0.23272455,-0.13064278,-2.8599417,0.28833903,0.066095477,0.042831446,0.23194707,0.35741771,0.375726,0.20145258,0.31830642,-0.20807449,0.21669084,0.14220302,-0.16677497,-0.51411008,0.099150581,-0.22837489,-0.17832504,-0.12761394,-0.3599771,0.072262146,-0.44060731,-0.0301755,-0.24698933,-0.65991002,-0.46953562,-0.27570654,-0.57621623,0.11651751,-0.14409686,-0.1833454,-0.31784136,0.046387538,0.35735755,0.19754347,0.17844028,0.3972041,-0.14365246,0.19059482,0.22467291,-0.49280713,0.18157039,-0.083769578,-0.46950104,-0.090030367,0.17382905,0.020912927,-0.22117527,-0.21769415,-0.15108168,-0.34413408,-0.65933595,-0.66275617,0.35897493,-0.19189003,-0.11889808,-0.19154112,0.13223355,-0.21746599,-2.6263709,-0.14258824,-0.80714463,-0.21126615,-0.90921916,0.29786152,-0.95955508,0.092390802,-0.053384137,-0.72103951,0.062752641,0.077844893,-0.26145146,0.27201927,0.23539157,-0.13346754,0.11720621,-0.0015717002,-0.20278461,-0.55282246,0.18715082,-0.45688438,-0.19356835,-0.20888136,0.36727749,0.14689825,-0.35050679,0.33506442,0.020926496,0.42354233,-0.094864574,0.35784403,-1.0759998,-0.20733332,0.13095387,0.086088514,0.36157851,-0.79652513,0.063760646,-1.8893272,0.52064762,0.3342934,0.056751567,-0.11344,0.15485621,-0.29644926,0.15490856,0.124484,0.25314104,0.098773719,0.090312487,0.24105397,0.22989223,-0.16699366,-0.24051221,-0.055316807,-0.13008184,-0.067881858,-0.70898643,0.046437043,0.3562044,0.44159728,0.17457643,-0.059940022,0.075803756,-0.43817534,-0.072557744,-1.1457102,0.45892864,0.66701845,0.46082357,-1.2051167,-1.4301467,-0.058646696,-0.34674652,-0.15851731,0.072753579,-0.10720462,0.019544272,0.043830325,-0.52088532,-2.7073199,-0.49802481,-0.49967489,-2.3769831,-1.8403561,-2.0425509,-0.57439523,0.29801918,0.1009301,0.64834124,0.1193434,0.34090369,-1.0760203,0.06314619,0.22564717,0.058869738,0.28942342,-0.074775644,-0.098729156,-1.250856,0.011138201,-0.098182549,0.29118737,0.31791002,-0.10637051,-0.73012779,0.16446009,0.42935493,-0.086285987,0.049572789,-0.90818909,-0.32781074,-0.10516082,0.24063013,-1.1289245
-49.495053,1,2.2911677e-06,12,4095,0,50.621946,0.23263961,1.4937307,0.15104661,0.47299082,0.5,-0.32703277,0.017170183,-0.18738735,-0.19428639,0.32526683,0.064723867,0.42113865,0.44354215,0.099594548,-0.16728079,-0.28538227,-0.46099037,0.12658606,0.42191538,0.2702264,-1.7962211,-0.45256242,0.088828804,-0.017451859,0.37454078,-1.503589,0.40122934,0.4897204,0.37971101,0.47302671,-0.067366708,0.1918576,0.40607075,-0.10802312,0.094449254,-0.067805655,-0.38213146,0.41762995,-0.50668845,0.052409507,-0.39608507,-0.63195422,-0.41630257,-1.2072009,-0.33655902,-0.64244656,-0.31686448,-1.088557,-2.0707003,-2.3386535,0.024689056,-0.1317477,-0.036976172,0.044858271,0.044675466,-0.14298114,-0.087298918,0.24906409,-0.17376687,-0.29106119,-0.84919978,-0.55639297,0.082183094,0.083302974,-0.46979166,-0.2862498,0.07036125,0.18082255,-0.027895249,-0.16453462,0.2856154,0.41748928,0.25051287,0.37213093,0.093692453,-0.50888676,0.10765512,-0.10568703,-0.17287262,0.21808949,-0.20874525,0.29412138,0.067697054,-1.2277273,-0.39526483,0.61393108,-0.13178018,0.31004182,0.29604808,0.47581654,-0.050734942,-0.022116686,-0.41490629,0.15899187,0.37114319,-0.068138506,0.21741429,-0.27670238,0.35425759,0.070009743,0.1300719,0.18045299,0.38782469,0.21591152,0.18923413,0.20803164,0.052313219,-0.1358503,-0.046823688,0.17478328,0.44627316,-0.048498064,0.42606481,0.32062271,0.077297738,0.1995614,-0.30526168,-0.58133415,-0.13611276,0.46170909,-0.198749,0.23426407,-0.13300544,-2.883702,0.28842699,0.064029502,0.040376595,0.23084507,0.35728215,0.37566741,0.19984647,0.32275239,-0.21228367,0.22069122,0.14115293,-0.16872042,-0.51814051,0.099207922,-0.23151365,-0.17986344,-0.12927287,-0.36367412,0.072140495,-0.44494712,-0.032355248,-0.25102749,-0.6672271,-0.47386249,-0.27900894,-0.58215507,0.11573214,-0.14713049,-0.18680656,-0.3224223,0.045715569,0.35929229,0.19882176,0.17895437,0.39975008,-0.14526961,0.19123862,0.22521817,-0.49804093,0.18125812,-0.085418605,-0.47354545,-0.091721901,0.17481767,0.020154082,-0.22474646,-0.22034106,-0.15254018,-0.34774795,-0.66586847,-0.66853253,0.36314992,-0.1944915,-0.12012358,-0.19522211,0.13188848,-0.22115178,-2.6487544,-0.14637646,-0.81213252,-0.21249731,-0.91895198,0.29726191,-0.96989569,0.093544927,-0.054253972,-0.72865259,0.061948237,0.077775968,-0.2639319,0.27334348,0.23594566,-0.13439389,0.11569077,-0.001727323,-0.20641423,-0.55860302,0.18942796,-0.45973722,-0.19417913,-0.21072228,0.36840223,0.14545115,-0.35195248,0.33451534,0.018626964,0.42564631,-0.097008903,0.36023282,-1.0854001,-0.20985146,0.13215192,0.085902695,0.36351387,-0.80365825,0.06244809,-1.9031563,0.52540942,0.3384934,0.056769185,-0.11405821,0.15727731,-0.2975067,0.15830204,0.12620628,0.25536458,0.10016451,0.092207521,0.2435504,0.2292699,-0.16723739,-0.24086667,-0.055149353,-0.13120726,-0.069737001,-0.71484349,0.044628885,0.35819346,0.44398509,0.17367101,-0.062989423,0.073608014,-0.44033562,-0.076468773,-1.1524735,0.45889996,0.66975504,0.46193668,-1.2140702,-1.4434494,-0.054020206,-0.35264842,-0.16226279,0.071399326,-0.10952642,0.017419604,0.042434176,-0.52732975,-2.7299039,-0.50332789,-0.50467123,-2.3961094,-1.8563023,-2.0596531,-0.57840658,0.29806063,0.098717278,0.65198273,0.11658394,0.34081887,-1.0874082,0.0600203,0.22355128,0.05632354,0.28946128,-0.075382317,-0.10059299,-1.2605114,0.010379402,-0.10038952,0.29181387,0.31984702,-0.10874207,-0.73652669,0.16445736,0.43163679,-0.086692555,0.047279813,-0.91396759,-0.32997053,-0.10613951,0.24010217,-1.1367027
-48.982772,1,2.2911677e-06,12,4095,0,50.205889,0.23265921,1.5008466,0.15117723,0.47308896,0.5,-0.32337039,0.01750238,-0.1968033,-0.19318263,0.32201577,0.064263292,0.41428928,0.43842195,0.10007163,-0.16541687,-0.28160722,-0.4549795,0.1274053,0.41519012,0.26779635,-1.7780819,-0.44747882,0.089251549,-0.0155579,0.37095013,-1.4884019,0.39620172,0.48399627,0.37532592,0.46795369,-0.066273128,0.18963772,0.3989733,-0.10781838,0.094294068,-0.067673175,-0.37946484,0.41543568,-0.50247688,0.052545045,-0.39264552,-0.6255184,-0.41224979,-1.195295,-0.33246278,-0.63523979,-0.31356621,-1.0773453,-2.0513825,-2.3162217,0.026044615,-0.12854433,-0.034422398,0.044177566,0.044653255,-0.14195517,-0.086138735,0.24648608,-0.1727002,-0.28951645,-0.83860559,-0.54822256,0.080055291,0.08369495,-0.46603565,-0.28352569,0.070131735,0.17840578,-0.026840746,-0.16176673,0.2825649,0.41420397,0.24992823,0.37051373,0.094107551,-0.50487659,0.10486798,-0.10525209,-0.16906484,0.21526091,-0.20754447,0.28873796,0.06533838,-1.2178475,-0.39338115,0.60893327,-0.12828621,0.3098739,0.2953379,0.47369124,-0.047927491,-0.022805487,-0.40904878,0.15665959,0.36501652,-0.068163067,0.21409727,-0.28612518,0.3505424,0.070128913,0.13053152,0.1798444,0.38570656,0.21517171,0.18829064,0.20648304,0.052151526,-0.14337635,-0.044193227,0.17582811,0.44481772,-0.044579237,0.42552422,0.32141335,0.079500305,0.19976717,-0.30424816,-0.57661078,-0.13482261,0.45793961,-0.19590393,0.23201495,-0.13060162,-2.8547535,0.28764123,0.065889303,0.042714195,0.23150524,0.35675794,0.37506116,0.20116638,0.31651657,-0.20763226,0.21512862,0.14193665,-0.16729494,-0.51400084,0.098159155,-0.22864589,-0.17820242,-0.12759251,-0.35995621,0.071842277,-0.44038896,-0.030344469,-0.24672141,-0.6588414,-0.46928341,-0.27577307,-0.57566471,0.11579557,-0.14426652,-0.18339937,-0.31760473,0.045858957,0.35616861,0.19663274,0.17759025,0.39586146,-0.14390724,0.18969057,0.22373042,-0.49219487,0.18090068,-0.084091143,-0.46900758,-0.09032903,0.1730449,0.020466694,-0.22114724,-0.2176882,-0.15127765,-0.34387055,-0.65845956,-0.66193159,0.35759397,-0.19190471,-0.11918502,-0.19146895,0.13162194,-0.21737262,-2.6216933,-0.14255292,-0.80627013,-0.21150105,-0.9076809,0.29713454,-0.95785291,0.09147471,-0.053960164,-0.71984607,0.062395107,0.077373807,-0.26151245,0.27092851,0.23461005,-0.1338036,0.11675551,-0.0021650012,-0.20262578,-0.55206735,0.18612705,-0.45667167,-0.19391195,-0.20915211,0.36633908,0.14647104,-0.3506237,0.33434235,0.0207764,0.42247491,-0.094908467,0.35677908,-1.0744866,-0.2074917,0.13031371,0.085383201,0.36048748,-0.79537362,0.063333509,-1.8863868,0.51905981,0.3328274,0.05607759,-0.11378938,0.15390505,-0.29650825,0.15384,0.12357663,0.25202154,0.097979093,0.089494605,0.23995415,0.22916424,-0.16732684,-0.24073819,-0.055860889,-0.13041257,-0.068110639,-0.70802417,0.045926827,0.35498434,0.44022805,0.17389351,-0.060108166,0.075426724,-0.43801025,-0.072542758,-1.1443101,0.45798247,0.66554322,0.45981605,-1.2036009,-1.4275555,-0.060258378,-0.34614299,-0.15833298,0.072426622,-0.10726027,0.019265545,0.043448272,-0.52015802,-2.7025302,-0.49744252,-0.4991438,-2.372977,-1.8373012,-2.0391549,-0.57375288,0.29708431,0.10047466,0.64663644,0.11899786,0.3400657,-1.0740966,0.062964224,0.22519792,0.058686871,0.28871727,-0.07531489,-0.099171501,-1.2487722,0.01083501,-0.098240241,0.2903994,0.31699682,-0.10637627,-0.72899811,0.16390699,0.42824254,-0.086865811,0.049353604,-0.90728053,-0.32793492,-0.1056382,0.2399804,-1.1275373
-49.005234,0.96345456,2.2911677e-06,12,4095,0,52.146262,0.23319737,1.4940557,0.15067067,0.47332724,0.5,-0.32770625,0.016349239,-0.18784978,-0.19530277,0.3243523,0.063772359,0.42029102,0.44273436,0.098884653,-0.16794569,-0.2858974,-0.46139245,0.12594657,0.42116085,0.26945084,-1.7960798,-0.45313468,0.088110656,-0.018085064,0.37356346,-1.5035547,0.40040791,0.48909186,0.37887762,0.47236471,-0.068087345,0.1909383,0.40523066,-0.10892184,0.093465746,-0.068635512,-0.38294801,0.41686333,-0.50734753,0.051405413,-0.39672967,-0.63235706,-0.4171583,-1.2073808,-0.33708597,-0.64288094,-0.31764311,-1.0888605,-2.0707536,-2.3384701,0.024071765,-0.13226454,-0.037518658,0.043997296,0.043954305,-0.14380869,-0.087989979,0.24798362,-0.17486737,-0.29222715,-0.84928023,-0.55656322,0.081033463,0.082492644,-0.47057655,-0.28694435,0.069608221,0.17981752,-0.028706386,-0.16521937,0.28454434,0.41683515,0.24994863,0.37156248,0.093007777,-0.50980339,0.10641156,-0.10660504,-0.17338124,0.21713617,-0.20961685,0.29310199,0.066664062,-1.2282299,-0.39610848,0.61316275,-0.13249861,0.30931215,0.29520896,0.47508652,-0.05140631,-0.022970974,-0.41551028,0.15813926,0.3703626,-0.068874717,0.21659854,-0.27711235,0.35369101,0.068926556,0.12920232,0.17945505,0.38694538,0.21495039,0.18819734,0.20693866,0.051251457,-0.13651799,-0.047450962,0.17413506,0.44556735,-0.049026022,0.42535729,0.31993324,0.076486009,0.19854263,-0.30597765,-0.58170758,-0.13657617,0.46069501,-0.19970882,0.23303096,-0.13387524,-2.8832432,0.28758488,0.063310487,0.039681488,0.23007401,0.35645906,0.37482783,0.19906054,0.32210372,-0.21300996,0.21977913,0.14019516,-0.1691519,-0.5185777,0.098666445,-0.23183287,-0.18106605,-0.1303352,-0.36411841,0.07106827,-0.44539464,-0.033070743,-0.25162179,-0.66763114,-0.47434868,-0.27948461,-0.58245142,0.1151637,-0.1475858,-0.18724977,-0.32281877,0.044915844,0.35849267,0.19786272,0.17814436,0.39899223,-0.14606711,0.19044902,0.22449931,-0.49861352,0.18049957,-0.086137247,-0.47436072,-0.092450909,0.17380483,0.019296047,-0.22523784,-0.22108872,-0.15344578,-0.34846154,-0.66631151,-0.66915336,0.36210116,-0.19523209,-0.12100735,-0.19572761,0.13107927,-0.22167549,-2.6482046,-0.14681797,-0.81305985,-0.21343872,-0.9191003,0.29663923,-0.97002925,0.092606579,-0.05495107,-0.72909069,0.061014388,0.076740407,-0.26466431,0.27257379,0.23505888,-0.13532128,0.11505778,-0.0026192218,-0.20702208,-0.55915337,0.18831554,-0.46064176,-0.19520339,-0.21143856,0.36753913,0.14477187,-0.35296063,0.33387065,0.017923085,0.42469445,-0.097859087,0.35919247,-1.0856104,-0.21047272,0.13092488,0.085140303,0.36261018,-0.80419464,0.061734894,-1.9034642,0.52466361,0.33752027,0.055912504,-0.11506533,0.15604015,-0.29868808,0.15694388,0.12510482,0.25438844,0.099034828,0.09095642,0.24248116,0.22865865,-0.16838306,-0.24209545,-0.056195087,-0.13207843,-0.070487252,-0.71557902,0.044146594,0.35741401,0.44330776,0.17309637,-0.063448048,0.073100081,-0.4414093,-0.076864799,-1.153402,0.45834314,0.66923427,0.46116084,-1.2144265,-1.4435662,0.64410624,-0.35303174,-0.16286684,0.070595949,-0.11031121,0.016796109,0.041700379,-0.52765705,-2.7294012,-0.50384912,-0.50523358,-2.3958677,-1.8560736,-2.0594139,-0.57938711,0.29747729,0.09829154,0.65160513,0.11619711,0.34016867,-1.0874496,0.059578846,0.22306562,0.055719504,0.2886415,-0.076198436,-0.10112495,-1.2612206,0.0093761786,-0.1012069,0.29091778,0.31874186,-0.10956259,-0.73726482,0.16348997,0.43069567,-0.087530375,0.04664149,-0.91469004,-0.3307438,-0.10690651,0.23938323,-1.1372934
-49.058598,0.78881838,2.2911677e-06,12,4095,0,49.641493,0.23320423,1.4938993,0.150601,0.4735149,0.5,-0.32793604,0.016194035,-0.1876515,-0.19547909,0.32428826,0.063634092,0.42035386,0.4427346,0.098727536,-0.16813435,-0.28612773,-0.46167238,0.12578209,0.42122005,0.26936526,-1.796628,-0.45339547,0.087954736,-0.018274202,0.37350973,-1.5040372,0.40040248,0.4891192,0.37885012,0.47236692,-0.06825897,0.19084415,0.40530236,-0.10907587,0.093320017,-0.0687867,-0.38315765,0.41677357,-0.50759002,0.051252487,-0.39695425,-0.63264639,-0.41739941,-1.2077916,-0.33732374,-0.64318825,-0.317866,-1.0892571,-2.0713313,-2.3391153,0.02389532,-0.13248229,-0.037722098,0.043865199,0.04380872,-0.14398047,-0.088162789,0.24789752,-0.17504381,-0.29241595,-0.84966102,-0.55689058,0.080932168,0.082336251,-0.47081039,-0.28715314,0.069467165,0.17972701,-0.028878242,-0.16542897,0.28447171,0.41677793,0.2498189,0.37145935,0.092852467,-0.51004481,0.10632566,-0.10676448,-0.17361285,0.21705764,-0.20979354,0.29309973,0.06656957,-1.2286001,-0.39630154,0.61316876,-0.13272586,0.30916959,0.29507874,0.47499588,-0.051617351,-0.023103427,-0.41578956,0.15804822,0.37039444,-0.069021143,0.2165347,-0.27692612,0.35364574,0.068773027,0.12904346,0.17932019,0.38685173,0.21481929,0.18807014,0.20682571,0.051104718,-0.13641017,-0.047657246,0.17396462,0.44545831,-0.049262212,0.42522375,0.31976668,0.076286294,0.19838768,-0.30614916,-0.58195813,-0.13674913,0.46064898,-0.19992371,0.23293411,-0.13407891,-2.8840331,0.28745654,0.063120444,0.039480471,0.22991088,0.35632408,0.37469466,0.19888123,0.32213776,-0.21326412,0.21977979,0.14002731,-0.16932765,-0.5188158,0.098547608,-0.23203994,-0.18125716,-0.13052478,-0.36434652,0.070924677,-0.4456419,-0.033263618,-0.25186565,-0.66796539,-0.47459697,-0.27970211,-0.58274063,0.11501823,-0.14779471,-0.187471,-0.32307159,0.04476538,0.35842741,0.19776739,0.17803031,0.39895115,-0.14624609,0.19033986,0.2243899,-0.49889171,0.18036175,-0.086314234,-0.47461237,-0.092629537,0.1736981,0.019140822,-0.22546398,-0.22129646,-0.15362394,-0.34869674,-0.66662352,-0.66944931,0.36210848,-0.19543822,-0.12117777,-0.19595771,0.13093854,-0.22190627,-2.6489507,-0.14704933,-0.81334444,-0.21361182,-0.91949738,0.29649713,-0.97044413,0.092506859,-0.055104097,-0.72943482,0.060855102,0.07659975,-0.26486668,0.27248793,0.23494357,-0.13548454,0.11488756,-0.0027577187,-0.20725426,-0.55944698,0.18824659,-0.46086193,-0.19536131,-0.21162147,0.36744401,0.1446019,-0.35314333,0.33372914,0.017726705,0.42463015,-0.098055571,0.35913349,-1.0859989,-0.21067214,0.13081638,0.085006003,0.3625409,-0.80452771,0.061568158,-1.9039879,0.52471649,0.33753085,0.055780812,-0.11522227,0.15597052,-0.29886522,0.15690227,0.12501728,0.25432425,0.098935502,0.09086822,0.24242235,0.22851652,-0.16853439,-0.24225359,-0.05632989,-0.13224552,-0.070671515,-0.71588148,0.043973178,0.35735142,0.44326523,0.17294691,-0.063657968,0.072913677,-0.44161541,-0.077098974,-1.15374,0.45822142,0.66921748,0.46106934,-1.2148076,-1.4440675,0.64416637,-0.35332443,-0.16310269,0.070424647,-0.11051065,0.016608024,0.041530397,-0.52796282,-2.7301547,-0.50412753,-0.50550433,-2.396528,-1.8566404,-2.0600144,-0.579644,0.29735715,0.098107426,0.65163216,0.11599712,0.34004191,-1.0878924,0.05936598,0.22288166,0.055518845,0.2885124,-0.076348036,-0.10130169,-1.2616346,0.0092157256,-0.10140408,0.29080466,0.31866409,-0.10976481,-0.73758333,0.16335405,0.43063826,-0.087674943,0.046447505,-0.91499086,-0.33093861,-0.10706548,0.23924005,-1.1376484
-48.711766,0.51305577,2.2911677e-06,12,4095,0,51.613789,0.23365006,1.5074154,0.15100352,0.4731443,0.5,-0.32075543,0.017085289,-0.20557485,-0.19330077,0.31836821,0.062950457,0.40745204,0.43326153,0.099974711,-0.16428163,-0.27861667,-0.44992999,0.12772295,0.40863442,0.26511282,-1.7620174,-0.44350487,0.089093974,-0.014334504,0.3668853,-1.4749764,0.3911162,0.47857391,0.37080659,0.46308326,-0.065877274,0.18688798,0.39192098,-0.10847828,0.093181282,-0.06827277,-0.37793063,0.41296101,-0.49938278,0.051640086,-0.39016658,-0.62012519,-0.40963361,-1.1849714,-0.32922775,-0.62925902,-0.31143966,-1.067813,-2.0346896,-2.2965271,0.026846565,-0.12602461,-0.032485463,0.042839715,0.044115093,-0.14180539,-0.085635561,0.24313936,-0.17299774,-0.28953026,-0.82917583,-0.54095689,0.076987574,0.083348063,-0.46354125,-0.28172825,0.069363615,0.17533751,-0.026636451,-0.15991134,0.27882182,0.41097119,0.24919603,0.36889087,0.094002639,-0.50240385,0.10107164,-0.10575435,-0.16602687,0.21192658,-0.20732618,0.28301853,0.062282176,-1.2097735,-0.39254282,0.60389496,-0.12587859,0.30920794,0.29401494,0.4713387,-0.046006207,-0.024136072,-0.40448056,0.15393414,0.35900326,-0.068729192,0.2105833,-0.29473016,0.34709486,0.069071674,0.13014014,0.17832546,0.38310157,0.21360678,0.18641933,0.20399827,0.050895826,-0.15063677,-0.042342335,0.17632544,0.44309239,-0.041465274,0.42458627,0.32163852,0.080677455,0.19890118,-0.30390896,-0.57258899,-0.13381074,0.45363433,-0.19447063,0.22868371,-0.12937493,-2.8291588,0.28624898,0.06693994,0.044207802,0.23146512,0.35562576,0.37383059,0.20165689,0.31065576,-0.2042724,0.20946201,0.14166394,-0.16611466,-0.51057631,0.097073054,-0.22606598,-0.17818463,-0.12731009,-0.35689277,0.070453944,-0.43663365,-0.029168592,-0.2434226,-0.65182073,-0.46557961,-0.27316374,-0.57003635,0.11559985,-0.14192493,-0.1805838,-0.31353477,0.045320919,0.35282987,0.19383831,0.17576212,0.39191405,-0.14342403,0.18774186,0.2219566,-0.48758704,0.18001643,-0.083496914,-0.46591768,-0.089698618,0.17051222,0.01996791,-0.2182582,-0.21604232,-0.15106822,-0.34114805,-0.65232698,-0.65678681,0.3516391,-0.19030056,-0.11920726,-0.1884732,0.130724,-0.21438947,-2.5974989,-0.13938019,-0.80227707,-0.21157578,-0.89780933,0.29669109,-0.94731059,0.08882707,-0.054191091,-0.71253909,0.061876064,0.075961934,-0.26003564,0.26826773,0.23266955,-0.13419319,0.11729134,-0.0033525321,-0.19978206,-0.54684728,0.18210873,-0.45496129,-0.19473926,-0.20835314,0.36381121,0.14688969,-0.35053646,0.33382419,0.022092987,0.41881653,-0.093899904,0.35272642,-1.0650389,-0.20586745,0.12735063,0.084354038,0.35705048,-0.78868125,0.063573053,-1.8722558,0.51282306,0.32691467,0.054737901,-0.11458769,0.14961064,-0.29700211,0.14838593,0.12016247,0.24819622,0.094895423,0.085749798,0.23574639,0.22875547,-0.16866549,-0.2420387,-0.057546648,-0.13053245,-0.067321406,-0.70290094,0.046919655,0.35160654,0.43653059,0.17382424,-0.057750225,0.076815811,-0.43721069,-0.069193935,-1.1384061,0.45698691,0.66165546,0.45738717,-1.194782,-1.4137991,-0.066194246,-0.34063088,-0.15535951,0.072626795,-0.10599804,0.020468645,0.043758598,-0.51400789,-2.6781653,-0.49271132,-0.49478412,-2.3525974,-1.8203651,-2.0209623,-0.57085885,0.29598546,0.10195972,0.64194373,0.12111033,0.33904072,-1.0623359,0.065421291,0.22649956,0.060364168,0.28739914,-0.075944639,-0.098169511,-1.2395219,0.010199716,-0.097133126,0.28837385,0.31336319,-0.10509391,-0.72328974,0.16249059,0.42440501,-0.087734466,0.05072514,-0.90224215,-0.32684883,-0.10581927,0.23936851,-1.1202122
-48.970753,1,2.2911677e-06,12,4095,0,51.040692,0.23333994,1.5074677,0.15061994,0.46895513,0.5,-0.32156457,0.016258421,-0.20562619,-0.19400266,0.31759197,0.062177971,0.40697341,0.43257415,0.099089428,-0.16515345,-0.27951194,-0.45081797,0.12680403,0.40808672,0.26423608,-1.7628078,-0.44432446,0.088212155,-0.015225396,0.36616848,-1.4758034,0.39040512,0.47787852,0.37004796,0.46232687,-0.066740301,0.186079,0.39146157,-0.10927285,0.092435901,-0.069105299,-0.37869802,0.41209861,-0.50018592,0.050912141,-0.39100158,-0.62099559,-0.41032815,-1.1857863,-0.3301053,-0.63008711,-0.31220191,-1.0685818,-2.0353321,-2.2971982,0.025931586,-0.12694189,-0.033410817,0.04200918,0.043223358,-0.14261313,-0.08651353,0.24243063,-0.17365225,-0.29013864,-0.83010239,-0.5419178,0.07629018,0.082517855,-0.46428932,-0.28255713,0.068485287,0.17457356,-0.027449008,-0.16074372,0.2781197,0.41007464,0.24820866,0.36790594,0.093101878,-0.50306991,0.10042317,-0.10652968,-0.16693087,0.21114036,-0.20810718,0.28238356,0.061512364,-1.2104866,-0.39332886,0.60327184,-0.12667525,0.30831525,0.29318093,0.47046044,-0.046852035,-0.024977049,-0.40526179,0.15308126,0.35835362,-0.06961926,0.20972316,-0.29494022,0.34614617,0.068387681,0.12934317,0.17758058,0.38229729,0.21284019,0.18569136,0.20329522,0.050192118,-0.15096336,-0.043217467,0.17541147,0.44218594,-0.042372958,0.42367268,0.32072684,0.079885117,0.19818145,-0.30479372,-0.57353683,-0.13481371,0.45297456,-0.19514555,0.22805755,-0.13011507,-2.8297734,0.28541561,0.066090258,0.043356072,0.23060946,0.35478122,0.37299439,0.20082099,0.30990879,-0.20503202,0.20873633,0.14092232,-0.16713205,-0.511507,0.096058871,-0.22709968,-0.17876129,-0.12796386,-0.35782877,0.069753134,-0.43754021,-0.03001001,-0.2442608,-0.65263292,-0.4664643,-0.27409759,-0.57096482,0.11462608,-0.14288417,-0.18153339,-0.31446561,0.044478071,0.35199506,0.19305333,0.17489979,0.39109528,-0.14423723,0.18686669,0.22104557,-0.48838201,0.17914137,-0.084353987,-0.46661918,-0.090547893,0.16975788,0.019161368,-0.21917386,-0.21684232,-0.15182442,-0.3419274,-0.6531431,-0.65752907,0.35107688,-0.19110661,-0.11998515,-0.18937871,0.12987853,-0.21528233,-2.5982302,-0.1403243,-0.80288519,-0.21232555,-0.89867565,0.29573935,-0.94816429,0.088014024,-0.055092105,-0.71331613,0.061116467,0.07523879,-0.26085282,0.26738841,0.2318551,-0.13495939,0.11637395,-0.0041626063,-0.20062829,-0.54763254,0.18140705,-0.45566867,-0.19546877,-0.20920766,0.36299508,0.1459954,-0.35124879,0.33288177,0.021245155,0.41808498,-0.0946601,0.35203593,-1.0658694,-0.20674781,0.1267099,0.083475065,0.35627222,-0.78941551,0.062699533,-1.8728455,0.51230372,0.32630409,0.053905621,-0.11531887,0.14897014,-0.29762474,0.14782866,0.11944005,0.24743708,0.094189551,0.085103059,0.23504023,0.22780058,-0.16933761,-0.24266458,-0.058284308,-0.13132308,-0.068151837,-0.70357205,0.045926646,0.35076228,0.43567585,0.17285579,-0.058713172,0.07584602,-0.43785277,-0.070171056,-1.1389483,0.4559899,0.66083602,0.45653328,-1.1955514,-1.4145261,-0.066722963,-0.341531,-0.15620826,0.071807079,-0.10679018,0.019568886,0.042900307,-0.51490415,-2.6788557,-0.49353403,-0.49559483,-2.3532784,-1.8211776,-2.0217293,-0.57146783,0.29500598,0.10094,0.64117099,0.12007574,0.33809985,-1.0632027,0.064433537,0.22549454,0.059460276,0.28655423,-0.076787503,-0.099129161,-1.2400459,0.0094787028,-0.097910281,0.28756801,0.31268518,-0.10586293,-0.72393507,0.16172943,0.42367758,-0.08857426,0.049836104,-0.90293951,-0.32766157,-0.10667698,0.23847357,-1.1208975
-48.940448,0.9710323,2.2911677e-06,12,4095,0,50.076129,0.23313676,1.5119457,0.1503099,0.46723719,0.5,-0.3202532,0.015526833,-0.21160537,-0.1941839,0.31471107,0.060998347,0.40215001,0.42863509,0.098409875,-0.16498267,-0.27818877,-0.44812543,0.12631221,0.40328881,0.26178465,-1.7526648,-0.44215343,0.087501269,-0.015043122,0.36312526,-1.4674843,0.3865001,0.47358069,0.36649492,0.45837218,-0.067032383,0.1837989,0.38650328,-0.11006669,0.091463902,-0.069967668,-0.37797292,0.40980815,-0.49854207,0.050129204,-0.3898484,-0.61803773,-0.40870234,-1.1794591,-0.3285751,-0.62662726,-0.31108138,-1.0626433,-2.024377,-2.2843635,0.025768383,-0.12597862,-0.032848261,0.040653158,0.042230359,-0.14291244,-0.086775893,0.24000299,-0.17382257,-0.28998938,-0.82464179,-0.53795584,0.074137201,0.08182326,-0.46288559,-0.28183382,0.067375237,0.17220288,-0.027728711,-0.15999045,0.27540964,0.40709625,0.24681206,0.36588215,0.09237339,-0.50145564,0.097899883,-0.10716843,-0.16558948,0.20850401,-0.20828393,0.27830425,0.059166452,-1.2053358,-0.39309953,0.59947056,-0.125451,0.30724068,0.29181417,0.46820339,-0.046079791,-0.026348697,-0.40258812,0.15069991,0.35383058,-0.070618135,0.20673657,-0.30106018,0.34286601,0.067625852,0.12871484,0.17633392,0.38009225,0.21149927,0.18425095,0.20150112,0.049243259,-0.15604692,-0.042573635,0.17506261,0.44031716,-0.040963035,0.42235744,0.32022588,0.080326816,0.19745239,-0.30516322,-0.57168227,-0.13508474,0.44986886,-0.19423778,0.2258878,-0.12952029,-2.8129248,0.28400295,0.066282492,0.043838981,0.23006624,0.35352263,0.37169166,0.20069477,0.30524625,-0.20307569,0.20447702,0.14053126,-0.16733151,-0.50999619,0.094352388,-0.22642676,-0.17851249,-0.12775382,-0.35657265,0.068723318,-0.43575161,-0.029722355,-0.24257114,-0.64844013,-0.46464922,-0.27313197,-0.56801126,0.11363203,-0.14215867,-0.18046948,-0.31252902,0.043620523,0.34915369,0.19080898,0.17310794,0.38780305,-0.14433345,0.18495359,0.21914634,-0.48572809,0.17795926,-0.084499073,-0.46470301,-0.0906477,0.16778911,0.018431896,-0.21797018,-0.21613977,-0.15194312,-0.3404645,-0.64955212,-0.65438342,0.34695293,-0.19044763,-0.12031652,-0.1880725,0.12877081,-0.21395243,-2.5826096,-0.139,-0.80010917,-0.21260693,-0.89276135,0.29464873,-0.94177047,0.085817459,-0.055901669,-0.70884374,0.060503496,0.074129713,-0.26030777,0.26494453,0.23011626,-0.13549789,0.11603352,-0.0053572862,-0.19926005,-0.54455138,0.17853742,-0.45466135,-0.19618443,-0.20920793,0.36081465,0.14564413,-0.351308,0.33177038,0.021614801,0.41528985,-0.094264102,0.34909304,-1.0601564,-0.2062803,0.12477696,0.082186774,0.35352949,-0.78523684,0.062277594,-1.863411,0.50776413,0.32207776,0.052542282,-0.1160301,0.14609653,-0.29782234,0.144346,0.11696378,0.2445069,0.091996204,0.08262545,0.23199094,0.22671956,-0.17023192,-0.24339721,-0.059600631,-0.13175232,-0.068094208,-0.70024553,0.045674988,0.34786229,0.43244204,0.17196513,-0.057976619,0.075930538,-0.43725498,-0.06880499,-1.1347315,0.45438748,0.65737266,0.45429529,-1.1900761,-1.4057021,-0.071185536,-0.33854056,-0.15475372,0.071509524,-0.1063149,0.019716795,0.042567144,-0.51150818,-2.6630187,-0.49087526,-0.49314754,-2.3400229,-1.8105235,-2.0101344,-0.56942237,0.29337607,0.10095319,0.63706626,0.12048085,0.33663427,-1.0560448,0.065194104,0.22545201,0.059923207,0.285159,-0.077697502,-0.099287715,-1.2336234,0.0088955957,-0.097496124,0.28578879,0.31011622,-0.10531063,-0.72015628,0.16050661,0.42075031,-0.089631043,0.050131831,-0.89972374,-0.32735322,-0.10733177,0.23742424,-1.1161618
-49.57143,0.78390341,2.2911677e-06,12,4095,0,50.646788,0.23295838,1.5058886,0.14982274,0.46646745,0.5,-0.32400951,0.014552426,-0.20351153,-0.19573546,0.31682421,0.060722346,0.40762026,0.43244849,0.097277756,-0.16726532,-0.28208819,-0.45389459,0.12487026,0.40861067,0.26313332,-1.7685116,-0.44710489,0.086417711,-0.017370674,0.36556846,-1.4808826,0.39021227,0.47793771,0.36961227,0.46211208,-0.068665482,0.18500119,0.39220483,-0.11091195,0.090942047,-0.070773102,-0.38086673,0.41096337,-0.50274803,0.049371882,-0.39342707,-0.62414363,-0.41272187,-1.1901061,-0.33273264,-0.63335969,-0.31450676,-1.072689,-2.0411216,-2.3037279,0.023880919,-0.12941868,-0.035751029,0.040533662,0.041520688,-0.14445609,-0.088472155,0.24156676,-0.17531862,-0.2918596,-0.83427074,-0.54558176,0.075317532,0.080793161,-0.46668118,-0.28481245,0.066847461,0.17359727,-0.029304307,-0.16301523,0.27738584,0.40918152,0.24652177,0.36647474,0.091286014,-0.50542012,0.099669802,-0.10819786,-0.16953035,0.2102416,-0.2099583,0.28235459,0.060505135,-1.2142263,-0.39534531,0.6032356,-0.12907336,0.30664112,0.29171008,0.46929104,-0.049154266,-0.026465608,-0.40817536,0.15197454,0.35854859,-0.071321435,0.2088561,-0.29307994,0.34529424,0.066905018,0.12764251,0.17619473,0.38121213,0.21145918,0.18440565,0.20218505,0.048750701,-0.14984072,-0.04551394,0.17342788,0.4408103,-0.045013247,0.42205926,0.31879579,0.077781329,0.1966322,-0.30673244,-0.57639156,-0.13695446,0.45250575,-0.19724213,0.22721228,-0.1321909,-2.8377143,0.28396436,0.063999118,0.041151307,0.22878527,0.35325091,0.3714937,0.19886497,0.31000066,-0.2076505,0.20862557,0.13921215,-0.16932157,-0.51420878,0.094447395,-0.2296378,-0.18046779,-0.12976851,-0.36044075,0.06834748,-0.44030704,-0.032121343,-0.2468914,-0.65615753,-0.46920908,-0.27659774,-0.57419719,0.11280331,-0.14533292,-0.18409455,-0.31732464,0.042796219,0.35112731,0.19199748,0.17355061,0.39045523,-0.14616345,0.18554642,0.21966849,-0.49130618,0.17753751,-0.086325673,-0.4691314,-0.092525089,0.16863754,0.017484685,-0.22173646,-0.21904679,-0.15365856,-0.34438507,-0.65644712,-0.66055866,0.35120591,-0.19330368,-0.12177164,-0.19196588,0.1282894,-0.21785894,-2.605888,-0.14297789,-0.80558754,-0.21409259,-0.9029242,0.29398413,-0.95257521,0.086887996,-0.056879888,-0.71689283,0.059465324,0.073829847,-0.26302498,0.26627885,0.23055914,-0.13665278,0.1143848,-0.0056708368,-0.203151,-0.55070145,0.18072467,-0.45785613,-0.19704635,-0.2112321,0.36188063,0.14404338,-0.3530502,0.3311474,0.019090629,0.41736303,-0.096691651,0.35142973,-1.0699838,-0.20898333,0.12574086,0.081903971,0.35544879,-0.79281707,0.060807797,-1.8779946,0.5127855,0.32639886,0.05243085,-0.1168961,0.14837542,-0.29924096,0.14761131,0.11856063,0.24670444,0.093221389,0.084332041,0.23443473,0.2260389,-0.17076371,-0.24408715,-0.059643478,-0.13309241,-0.070160044,-0.7065644,0.043793684,0.34990512,0.43496387,0.17100108,-0.061174332,0.073617584,-0.43979461,-0.072894712,-1.1420958,0.4543681,0.66033875,0.45539159,-1.1994912,-1.41965,-0.066246866,-0.34474599,-0.15876961,0.069947241,-0.1088984,0.017422581,0.04099762,-0.51825687,-2.6865316,-0.4965007,-0.49846481,-2.3599787,-1.8271046,-2.0279386,-0.57389461,0.293423,0.09866364,0.64107334,0.11762344,0.3365086,-1.067919,0.061917172,0.22325177,0.057184327,0.2850783,-0.078453307,-0.10124692,-1.243974,0.007872882,-0.099973676,0.28630273,0.31193347,-0.10796627,-0.72705724,0.16030972,0.42302051,-0.090181829,0.047647505,-0.90593789,-0.32974256,-0.10846071,0.23678835,-1.1244415
-49.465994,1,2.2911677e-06,12,4095,0,51.45857,0.23305948,1.5049953,0.15006749,0.46653759,0.5,-0.32388375,0.01508586,-0.20232467,-0.19533428,0.31775235,0.061332702,0.40879208,0.43353034,0.097812739,-0.16690108,-0.28194768,-0.45402699,0.12537568,0.40979475,0.26400514,-1.7701454,-0.44714782,0.086958029,-0.017004017,0.36651066,-1.4821466,0.39129825,0.4790718,0.37065157,0.4632085,-0.068211443,0.1858293,0.39339376,-0.11037177,0.091506423,-0.07021232,-0.38063222,0.41179887,-0.50268936,0.049895889,-0.39326481,-0.62433326,-0.41268104,-1.1909766,-0.33263679,-0.63365704,-0.31435235,-1.073491,-2.042946,-2.3059207,0.024320335,-0.12920127,-0.035452105,0.041190203,0.042118114,-0.14401117,-0.08802103,0.24240074,-0.17492903,-0.29154164,-0.83494401,-0.54594929,0.076102165,0.081320161,-0.4665855,-0.28456616,0.067465,0.17443388,-0.028862514,-0.1627737,0.27826941,0.41014769,0.24721628,0.36728684,0.09183356,-0.50538214,0.10051491,-0.10769222,-0.1693901,0.21113139,-0.20954251,0.28346395,0.06134192,-1.2148815,-0.39500753,0.60426324,-0.12893067,0.30725579,0.29236831,0.47012264,-0.048912138,-0.02580304,-0.40832434,0.15283176,0.35972276,-0.070722267,0.20982616,-0.29181136,0.34632819,0.067416094,0.12815017,0.17681196,0.38202054,0.21209884,0.18505685,0.20289892,0.049302327,-0.14869632,-0.045240985,0.17390549,0.44157729,-0.044882135,0.42272519,0.31930583,0.07807998,0.19714478,-0.30625653,-0.57634629,-0.13647694,0.45344154,-0.19706233,0.22798144,-0.13193617,-2.8407153,0.28463104,0.064356981,0.041452737,0.22928968,0.35389119,0.37214081,0.19928479,0.31122505,-0.20765954,0.20979286,0.13966297,-0.16885525,-0.51409845,0.095208036,-0.22934124,-0.18017678,-0.12945481,-0.36027916,0.068914189,-0.44025701,-0.031785362,-0.24683381,-0.65660237,-0.4691686,-0.27637884,-0.57437426,0.11341716,-0.14506075,-0.18389121,-0.31729814,0.043357521,0.35205891,0.19281385,0.17429636,0.39146099,-0.14575776,0.18631779,0.22044387,-0.49144967,0.17816824,-0.085901781,-0.46914691,-0.092111666,0.16939573,0.018013679,-0.22156779,-0.21880196,-0.15325955,-0.34429519,-0.65677282,-0.66081063,0.35229895,-0.19304895,-0.12132632,-0.19181892,0.12889985,-0.2177195,-2.6086212,-0.14282583,-0.80579071,-0.21366197,-0.90369941,0.29461355,-0.95344727,0.08770373,-0.056316242,-0.71740031,0.059962302,0.074416551,-0.26274549,0.26714974,0.23128441,-0.13616846,0.11486037,-0.0050494544,-0.20302806,-0.5509317,0.18164214,-0.45768894,-0.19653309,-0.21083706,0.36268734,0.14451696,-0.3526693,0.3317794,0.019412852,0.41826184,-0.096393476,0.3523494,-1.070729,-0.20867614,0.12647043,0.082556452,0.35635059,-0.79327601,0.061289902,-1.8795263,0.51390941,0.3275219,0.053089029,-0.1163845,0.14928283,-0.29885053,0.14861337,0.11941091,0.24764149,0.094015052,0.085168771,0.23538328,0.2266663,-0.17022641,-0.24358979,-0.059011528,-0.1326251,-0.069781311,-0.70686626,0.04426605,0.35084927,0.43596434,0.17159407,-0.060902336,0.074020462,-0.4395581,-0.072742266,-1.1425968,0.45510471,0.6613531,0.45621496,-1.2002007,-1.4210318,-0.065147772,-0.34493141,-0.15866217,0.070394564,-0.10860967,0.017798165,0.041459216,-0.51852656,-2.6893167,-0.49663978,-0.49856447,-2.3622533,-1.8288353,-2.0298658,-0.57395346,0.2941604,0.099090804,0.6421756,0.11797865,0.33720734,-1.0689398,0.062192885,0.22369032,0.057500534,0.28574414,-0.077880957,-0.10080031,-1.2449202,0.0083563295,-0.099675754,0.28703345,0.31278482,-0.10769716,-0.72745398,0.1609257,0.42394147,-0.089580817,0.047992832,-0.90621083,-0.32941627,-0.10793571,0.23739779,-1.1250196
-49.803154,0.97396579,2.2911677e-06,12,4095,0,52.011798,0.23353586,1.4957026,0.14930382,0.46466475,0.5,-0.32992579,0.013376014,-0.19016588,-0.19825452,0.32080535,0.060571161,0.41689942,0.43926319,0.096005629,-0.17052485,-0.28799993,-0.46297518,0.12316965,0.41781154,0.26606376,-1.7948458,-0.45500333,0.085217146,-0.020644651,0.36997519,-1.5029893,0.39688277,0.4858163,0.37533584,0.46901254,-0.07085277,0.18747103,0.4018529,-0.11197981,0.090304611,-0.071661275,-0.38546723,0.41354889,-0.50945233,0.0482852,-0.39898085,-0.6338465,-0.41940883,-1.2076156,-0.33912956,-0.64423317,-0.32000033,-1.0893123,-2.0693966,-2.3363298,0.021416805,-0.13449359,-0.039898584,0.040806027,0.040974141,-0.14665724,-0.090724953,0.24438474,-0.17787509,-0.29518793,-0.84974877,-0.55759177,0.07740766,0.079537674,-0.47285124,-0.28936878,0.066571222,0.17626418,-0.031533719,-0.16762972,0.28090557,0.41348843,0.24696728,0.36843008,0.090132772,-0.51210712,0.10262691,-0.10962652,-0.17548652,0.213568,-0.21246245,0.28934229,0.063062735,-1.2290961,-0.39881918,0.60989182,-0.13479551,0.30629205,0.2920407,0.47181219,-0.05381534,-0.02617106,-0.41725018,0.15468374,0.36686412,-0.071876651,0.21304896,-0.279641,0.35033029,0.065756587,0.12622247,0.17620757,0.3835657,0.21170393,0.18486915,0.20347774,0.048040034,-0.13942264,-0.04986619,0.17138449,0.44237607,-0.051156123,0.42227953,0.31707933,0.073856793,0.19542205,-0.30878754,-0.58353833,-0.13915049,0.45712675,-0.20226753,0.22938249,-0.13646966,-2.8796091,0.28440377,0.060680874,0.03715544,0.22717432,0.35332395,0.37166904,0.19626694,0.31862486,-0.21508458,0.21599939,0.13721865,-0.17168161,-0.52056636,0.095606515,-0.23400122,-0.1840112,-0.13318963,-0.36618958,0.067826399,-0.44729598,-0.035655893,-0.25367238,-0.66873507,-0.47626978,-0.2816723,-0.58386697,0.1122935,-0.14984086,-0.18938912,-0.32464404,0.041919947,0.35504379,0.19437808,0.17487989,0.39553362,-0.14882808,0.1871682,0.22127677,-0.50032785,0.17743988,-0.088855297,-0.47648808,-0.095162249,0.17034857,0.016296872,-0.22736507,-0.22355809,-0.15629292,-0.35066155,-0.66762772,-0.67074072,0.35840322,-0.19771071,-0.12390576,-0.1978374,0.12800443,-0.22378794,-2.6449088,-0.14888502,-0.81500718,-0.21637067,-0.91947161,0.29369161,-0.97024269,0.089122098,-0.057862446,-0.7301267,0.057995805,0.073500968,-0.26717425,0.26919309,0.23176095,-0.13832015,0.11232997,-0.0057885314,-0.20918527,-0.56071384,0.18457376,-0.46313821,-0.19833964,-0.21411282,0.36417191,0.14200369,-0.35588598,0.3308975,0.015362556,0.42117958,-0.10050335,0.35556878,-1.0860668,-0.21292577,0.12731781,0.082044003,0.35910992,-0.80538572,0.058931601,-1.9027929,0.52143487,0.33384172,0.052723449,-0.11817665,0.1521961,-0.30177986,0.15289952,0.12143905,0.25075867,0.095416593,0.087172374,0.23876021,0.22572886,-0.17166372,-0.24539581,-0.059521917,-0.13500014,-0.073165127,-0.7171914,0.041560222,0.35396886,0.43993318,0.17024878,-0.065713163,0.070588114,-0.44416866,-0.078904876,-1.1548985,0.45530459,0.66611607,0.45785678,-1.2150726,-1.4429639,0.64114305,-0.35453739,-0.16500912,0.067763753,-0.11288298,0.01422921,0.038909957,-0.52896566,-2.7260618,-0.50552428,-0.50700516,-2.3935483,-1.854613,-2.0576371,-0.58159793,0.29442267,0.095813078,0.64865124,0.11384745,0.3371057,-1.0873539,0.057302203,0.2204972,0.053248359,0.28547972,-0.079230447,-0.10371186,-1.2618106,0.0063168738,-0.10382174,0.28760798,0.31512002,-0.1121368,-0.73873244,0.16027014,0.42717433,-0.090627098,0.044101442,-0.91634794,-0.33336725,-0.10982361,0.23638498,-1.1383569
-49.712003,0.6813749,2.2911677e-06,12,4095,0,53.432648,0.23224916,1.5078771,0.14945107,0.46497911,0.5,-0.32391684,0.013737212,-0.20614997,-0.1960569,0.31509876,0.059820527,0.40526653,0.43026619,0.096366952,-0.16778157,-0.2821629,-0.45337348,0.12397571,0.40614747,0.26143181,-1.7646445,-0.44666951,0.085500488,-0.017919906,0.36386227,-1.4778618,0.38802746,0.47548662,0.36754853,0.4597744,-0.069362686,0.18352675,0.38980503,-0.11168013,0.09018193,-0.071649757,-0.38093118,0.40934624,-0.50249757,0.048730693,-0.39345017,-0.62347662,-0.41226501,-1.1879026,-0.33268513,-0.63239474,-0.3143998,-1.0705567,-2.0366132,-2.2984834,0.023135225,-0.12968692,-0.036204328,0.03944094,0.040462145,-0.14504276,-0.089186371,0.24021113,-0.17554167,-0.29184838,-0.83264975,-0.54465985,0.07414046,0.079984796,-0.4664208,-0.28500642,0.065764758,0.1721719,-0.029896648,-0.16320606,0.27589956,0.40714837,0.24508947,0.36475152,0.090322859,-0.50490644,0.09841833,-0.10886317,-0.16961115,0.20864134,-0.21043512,0.28027199,0.059100702,-1.2123021,-0.39564882,0.60116443,-0.12898794,0.30554482,0.29059521,0.46765386,-0.049358626,-0.027579167,-0.40744679,0.15037139,0.35611902,-0.072372417,0.20694147,-0.2959804,0.34301892,0.066362178,0.12693234,0.17531451,0.37975615,0.21049217,0.18347196,0.20114042,0.048087945,-0.15224692,-0.045831853,0.17260991,0.43931313,-0.045057238,0.42081499,0.31792768,0.077548689,0.19603148,-0.30749001,-0.57634229,-0.13792278,0.45084983,-0.19705041,0.22614526,-0.13226208,-2.8306544,0.28283165,0.06354225,0.040816776,0.22800096,0.35216775,0.37040693,0.19830551,0.30733373,-0.20717529,0.2063053,0.13871746,-0.1702882,-0.51427199,0.092829538,-0.23026815,-0.18035738,-0.12983031,-0.36062763,0.067655899,-0.44020954,-0.032524775,-0.24669174,-0.65484545,-0.46905555,-0.27690339,-0.5736502,0.11157717,-0.14579022,-0.1843881,-0.31721006,0.041892919,0.34929859,0.19058488,0.17219236,0.38841099,-0.14667567,0.18410718,0.21816106,-0.49061665,0.17642581,-0.086948696,-0.46856558,-0.093113218,0.16741518,0.016711271,-0.22190232,-0.21919377,-0.15406506,-0.34416916,-0.65540393,-0.65955549,0.34919362,-0.19348155,-0.12231315,-0.19206557,0.12727047,-0.21792451,-2.599581,-0.14314397,-0.80445671,-0.21454974,-0.90098967,0.29276253,-0.95040884,0.085458973,-0.057872817,-0.71539518,0.058834633,0.073056934,-0.26327234,0.26457454,0.22931605,-0.13725731,0.11356028,-0.00664977,-0.20310579,-0.54981092,0.1791856,-0.45767914,-0.19764483,-0.21178437,0.36041514,0.14326159,-0.35332827,0.32993742,0.018710897,0.41574386,-0.096889356,0.34983103,-1.068072,-0.20939194,0.12476644,0.080740409,0.35378101,-0.79136,0.060033384,-1.8740169,0.51046883,0.32424874,0.051330525,-0.11750403,0.14696349,-0.29940094,0.14606437,0.11717931,0.2450059,0.092004832,0.083107084,0.23278435,0.22481398,-0.17132312,-0.24447817,-0.060522898,-0.13369971,-0.070643126,-0.70534093,0.042853471,0.3480287,0.43286698,0.16983258,-0.061628954,0.072872775,-0.43965409,-0.073100701,-1.140213,0.45282249,0.65808965,0.45381254,-1.1975496,-1.4162081,-0.068610333,-0.3441088,-0.15868909,0.069334391,-0.10912588,0.016842762,0.040291907,-0.51745093,-2.6800534,-0.49586427,-0.49789399,-2.3545749,-1.8230645,-2.0234106,-0.57308409,0.2918988,0.097789565,0.63850027,0.11689704,0.33513566,-1.0654535,0.061436442,0.2223959,0.056736395,0.28392821,-0.079370675,-0.10208034,-1.2411452,0.0073335072,-0.10019777,0.28505353,0.31055631,-0.10811523,-0.72559208,0.15940705,0.42133808,-0.091153929,0.047155333,-0.90479921,-0.33007469,-0.10929933,0.23569731,-1.1226401
-49.107985,0.8769184,2.2911677e-06,12,4095,0,52.842491,0.23193742,1.510014,0.15023015,0.46730236,0.5,-0.32127514,0.015387681,-0.20901301,-0.19403918,0.31554055,0.061284195,0.40409682,0.42985128,0.098001987,-0.16572275,-0.27957469,-0.45013118,0.12568577,0.40498276,0.26210428,-1.7578385,-0.44363042,0.087122097,-0.015865202,0.36419857,-1.4719397,0.38768084,0.47467218,0.36748503,0.45928077,-0.067521106,0.18436773,0.38852243,-0.11002141,0.091763978,-0.070056223,-0.37852378,0.41008031,-0.49968711,0.050421471,-0.39089619,-0.62010301,-0.4093936,-1.1829077,-0.32998814,-0.628754,-0.31181434,-1.065711,-2.0293207,-2.2903312,0.025005406,-0.12727553,-0.033984961,0.040780797,0.041938305,-0.14316047,-0.087340257,0.2410098,-0.17348826,-0.2895996,-0.82811739,-0.54084633,0.075161635,0.081648664,-0.46368333,-0.28265346,0.067190655,0.1729952,-0.028015743,-0.16084307,0.27651486,0.40740481,0.2462854,0.36558533,0.091922554,-0.50201187,0.09926363,-0.10711974,-0.16700885,0.20928315,-0.20846874,0.27994409,0.059978916,-1.2077625,-0.39347127,0.60069398,-0.1263644,0.30698254,0.29190702,0.46838721,-0.046982092,-0.026240892,-0.40413475,0.15113947,0.35528416,-0.07088404,0.20732755,-0.29876429,0.34307466,0.068093856,0.12865545,0.17675312,0.38058719,0.21186442,0.18481905,0.202312,0.049714636,-0.15398146,-0.043538864,0.17440512,0.44028274,-0.04238961,0.42211637,0.31967724,0.079818384,0.19775784,-0.30566655,-0.57353217,-0.1361658,0.45111196,-0.19450441,0.22715162,-0.12990889,-2.8205691,0.28411965,0.065642303,0.043060641,0.22974206,0.35353809,0.37175876,0.2002773,0.30640419,-0.20417034,0.20587811,0.14060086,-0.1685058,-0.51161266,0.093859308,-0.22808609,-0.17805386,-0.12760125,-0.3581014,0.069243619,-0.43741225,-0.030384218,-0.24388139,-0.65083754,-0.46622923,-0.27451308,-0.57031982,0.1129927,-0.14352768,-0.18195691,-0.31435266,0.043468445,0.34971394,0.19145809,0.17326577,0.38849588,-0.14470245,0.18510514,0.21913633,-0.48733199,0.17781087,-0.085032624,-0.4655622,-0.09117002,0.16846635,0.01837679,-0.21938237,-0.21683322,-0.15206143,-0.34143571,-0.65169413,-0.656004,0.34877173,-0.19114601,-0.1204273,-0.18948474,0.12871526,-0.21532667,-2.5901498,-0.14057238,-0.80095749,-0.21260815,-0.89620087,0.2941515,-0.94537706,0.086376179,-0.056304205,-0.71123542,0.06058795,0.07458809,-0.26099603,0.26524822,0.23044027,-0.13545796,0.11534843,-0.0052097335,-0.20045511,-0.54631759,0.17975549,-0.45509203,-0.19588877,-0.20978991,0.36125857,0.14506367,-0.35123405,0.33132615,0.020893969,0.41621475,-0.094645828,0.35026034,-1.0633769,-0.20719909,0.12592354,0.082074596,0.35429298,-0.78731725,0.06180505,-1.8673898,0.50940349,0.32374931,0.052663623,-0.11576296,0.14758756,-0.29731555,0.14635775,0.11799344,0.24546578,0.092991624,0.083984947,0.23320736,0.22620069,-0.16961272,-0.24264412,-0.059079112,-0.13186692,-0.068611166,-0.70165343,0.044627437,0.34840047,0.43294386,0.17130697,-0.059351969,0.07483736,-0.43720304,-0.070511804,-1.1359698,0.45390214,0.65780521,0.45457518,-1.1929099,-1.4099622,-0.069777643,-0.34070029,-0.15598976,0.071205458,-0.10686624,0.01887863,0.042117257,-0.51387522,-2.670499,-0.49259646,-0.49471841,-2.3462315,-1.8160315,-2.015907,-0.56994684,0.2929702,0.09968859,0.63761868,0.11899827,0.33632375,-1.0600662,0.063740618,0.22430888,0.05893731,0.28521675,-0.077805859,-0.10024106,-1.2358994,0.0091294939,-0.097957402,0.28615256,0.31125817,-0.1058027,-0.7216758,0.16084742,0.42171465,-0.089653554,0.049278197,-0.90115314,-0.32789453,-0.10762193,0.23714123,-1.1182801
-48.833198,1,2.2911677e-06,12,4095,0,50.659392,0.23267451,1.5078216,0.15083566,0.46771162,0.5,-0.32093813,0.016718836,-0.20611008,-0.19323004,0.31783415,0.06271576,0.40693431,0.43257284,0.099430555,-0.16472443,-0.27906523,-0.45027592,0.12709371,0.40794002,0.26437769,-1.7616569,-0.44367222,0.088557833,-0.014832388,0.36646441,-1.4748307,0.39041657,0.47764146,0.37011197,0.46215886,-0.066323291,0.18640859,0.3913998,-0.10873492,0.093043973,-0.06865674,-0.37800546,0.4122581,-0.49952151,0.051574075,-0.39043433,-0.62040709,-0.40944141,-1.1848967,-0.32961067,-0.62938043,-0.31148663,-1.0676155,-2.0338239,-2.2956502,0.02625016,-0.12655444,-0.033060653,0.042414603,0.043527332,-0.14207528,-0.086125487,0.24292542,-0.17278141,-0.28914176,-0.82947522,-0.54143685,0.076899232,0.082971943,-0.46352083,-0.28200344,0.068806947,0.1749872,-0.026926448,-0.16019692,0.27856406,0.41000906,0.24826816,0.36787507,0.093406363,-0.50211623,0.10108311,-0.10594403,-0.16649117,0.21145617,-0.20749952,0.2825874,0.061956603,-1.2094246,-0.39268877,0.60326742,-0.12601481,0.3086132,0.29356034,0.47058354,-0.046320172,-0.02458314,-0.40449241,0.15331746,0.35824756,-0.069300098,0.20982905,-0.29553984,0.34593428,0.069143468,0.12987501,0.17816143,0.38259809,0.21336406,0.18628636,0.2038997,0.05089318,-0.1511817,-0.042756813,0.17573218,0.44233589,-0.04190588,0.42390562,0.32106521,0.080521183,0.19886751,-0.30439777,-0.57316424,-0.13468749,0.45331232,-0.19425839,0.2287658,-0.12938264,-2.82788,0.28579135,0.066580957,0.043866028,0.23103905,0.35515747,0.37338255,0.20133347,0.30962427,-0.20424349,0.20878201,0.14159267,-0.16703063,-0.51111809,0.096043133,-0.22698358,-0.17770458,-0.12707386,-0.35747327,0.070453153,-0.43709326,-0.029505599,-0.24366501,-0.65184233,-0.46596874,-0.27375427,-0.57049924,0.1147549,-0.14260494,-0.18121269,-0.31405491,0.044893938,0.35211249,0.19343437,0.17517952,0.39110697,-0.14370031,0.18710428,0.22120475,-0.48765014,0.17945787,-0.083915207,-0.46573083,-0.090089841,0.17024247,0.019664572,-0.2187747,-0.21623131,-0.15116767,-0.34123007,-0.65240475,-0.65666019,0.35132231,-0.19051096,-0.1193881,-0.1889476,0.13026507,-0.21482587,-2.5966454,-0.13996528,-0.80172985,-0.21165559,-0.89789585,0.29591221,-0.94732383,0.088374631,-0.054786548,-0.71243968,0.061725249,0.075884271,-0.26028507,0.26752458,0.23223193,-0.13434675,0.11668031,-0.0036963516,-0.20006959,-0.54685582,0.18186926,-0.45482956,-0.19477611,-0.20874819,0.36328037,0.14635235,-0.35046842,0.33307564,0.02174815,0.41838853,-0.093982681,0.3524171,-1.0650466,-0.20631989,0.12744436,0.083779039,0.35652357,-0.788473,0.063086003,-1.8712984,0.51219408,0.32644577,0.054305131,-0.11464333,0.14957276,-0.29666851,0.14848224,0.11994541,0.24773839,0.094770275,0.085777939,0.23543074,0.22796325,-0.16853541,-0.24174262,-0.057663221,-0.13075667,-0.067644013,-0.70254224,0.046075978,0.35084821,0.43560587,0.17300723,-0.058430694,0.076077227,-0.43688915,-0.069860924,-1.1375568,0.45600636,0.66058182,0.45671172,-1.1946014,-1.4133002,-0.066964716,-0.34096754,-0.15564146,0.07231668,-0.10617469,0.019944394,0.043324893,-0.51433332,-2.6771793,-0.49286014,-0.49490837,-2.3517278,-1.820043,-2.0204503,-0.57037005,0.29505127,0.1010647,0.64068987,0.12021574,0.33824655,-1.0623429,0.06469444,0.22567341,0.059862013,0.28690717,-0.07636255,-0.09890623,-1.2385356,0.010171859,-0.097267436,0.28794997,0.31319109,-0.10519399,-0.72282765,0.16227909,0.42395154,-0.088148847,0.050251193,-0.90194595,-0.32708717,-0.10626654,0.23876462,-1.1198029
-49.197896,0.81140512,2.2911677e-06,12,4095,0,50.641519,0.23289592,1.5108898,0.15110106,0.46815356,0.5,-0.31900699,0.017241126,-0.21025386,-0.19246831,0.31678519,0.062860635,0.40414688,0.43066489,0.10005767,-0.16351807,-0.2770252,-0.44728641,0.1278917,0.40525268,0.26375018,-1.753571,-0.44112752,0.089158812,-0.013595436,0.36522975,-1.4679772,0.38856274,0.47548419,0.36856503,0.46031976,-0.065451104,0.18582297,-0.30568549,-0.10829402,0.093302886,-0.068219445,-0.37653323,0.41172576,-0.49736492,0.051944862,-0.38858365,-0.6172528,-0.40742438,-1.1794509,-0.32744629,-0.62592468,-0.309744,-1.0624956,-2.0253426,-2.2858211,0.027273348,-0.12474019,-0.031517156,0.042503929,0.043942414,-0.14127251,-0.085214941,0.24211818,-0.17206748,-0.28825803,-0.82450399,-0.53747327,0.076273366,0.083524384,-0.46159672,-0.28046083,0.069124063,0.17428546,-0.026104383,-0.15862883,0.27754955,0.40903055,0.24851179,0.36767457,0.094017307,-0.50014037,0.1001398,-0.10541697,-0.1644275,0.21059299,-0.20664236,0.28052364,0.061280339,-1.2049203,-0.39154121,0.60137514,-0.12415857,0.30897217,0.29364536,0.47009259,-0.044722676,-0.024492378,-0.40164071,0.15271276,0.35588103,-0.068890598,0.20880622,-0.29958794,0.34480518,0.069477023,0.13043424,0.17822622,0.3820576,0.21338813,0.18619552,0.20353128,0.051118913,-0.15434753,-0.041215251,0.17662468,0.44215211,-0.039789112,0.42412014,0.32184939,0.081825328,0.19926631,-0.3035532,-0.57069058,-0.13363633,0.45196396,-0.19276684,0.22804282,-0.128034,-2.8153102,0.28584278,0.067776646,0.045267753,0.23172698,0.3553304,0.3735147,0.20229068,0.30727566,-0.2019187,0.20670086,0.14225346,-0.16591221,-0.50890451,0.096101894,-0.22523588,-0.17678901,-0.12609543,-0.35543173,0.070618308,-0.43471371,-0.028253321,-0.24143558,-0.64789254,-0.4635963,-0.27191865,-0.56727954,0.11526549,-0.14090757,-0.17928988,-0.3115436,0.045346982,0.35115971,0.19284604,0.17499961,0.38981517,-0.14274913,0.18685412,0.2210061,-0.48479646,0.17972059,-0.082946906,-0.4635025,-0.089098938,0.16981187,0.020164469,-0.21679414,-0.21473681,-0.15029896,-0.33922755,-0.6488709,-0.65352416,0.34913853,-0.18903984,-0.11864269,-0.18690716,0.13054544,-0.21278368,-2.5847975,-0.1378666,-0.79900903,-0.21090806,-0.89267786,0.29632911,-0.94178495,0.087853528,-0.054232189,-0.70833482,0.062251962,0.076020655,-0.25888035,0.26690562,0.23203259,-0.13375964,0.11758238,-0.0035177201,-0.19805513,-0.54371483,0.18074359,-0.45322957,-0.19435563,-0.20768131,0.36277145,0.14721996,-0.34960843,0.33346687,0.023066203,0.41734575,-0.092749111,0.35122281,-1.0600119,-0.20489554,0.12690617,0.083972439,0.3555735,-0.7846243,0.063879494,-1.8639424,0.50965279,0.32424689,0.054391316,-0.11421805,0.14837323,-0.29601021,0.14675531,0.11912166,0.24663603,0.094126309,0.084865247,0.23418246,0.22839023,-0.16830716,-0.24145495,-0.057654349,-0.13006486,-0.066565096,-0.69936303,0.047128761,0.34986506,0.43439674,0.17358372,-0.056721272,0.077338524,-0.43565195,-0.067693825,-1.133905,0.45611657,0.65916088,0.45620593,-1.1898044,-1.4062104,-0.069445746,-0.33775456,-0.15356334,0.073134491,-0.10484841,0.021167596,0.044162729,-0.5108421,-2.6652282,-0.48997081,-0.49218106,-2.3415933,-1.8115739,-2.0113764,-0.56815926,0.29512173,0.10233463,0.63875459,0.12177816,0.33838754,-1.0562541,0.06645081,0.2268881,0.06131157,0.28698515,-0.07594631,-0.097827604,-1.233363,0.010674302,-0.096001272,0.28771213,0.31224725,-0.10384056,-0.71936221,0.16238005,0.42281033,-0.087838766,0.051565761,-0.89881299,-0.32585309,-0.10565401,0.23914359,-1.115621
-49.011486,1,2.2911677e-06,12,4095,0,49.840718,0.23402787,1.5132028,0.15119668,0.46677838,0.5,-0.31779569,0.017397012,-0.21338872,-0.19252967,0.31577946,0.062560768,0.40182343,0.42915814,0.10047689,-0.16269074,-0.27546128,-0.44498931,0.12854101,0.40317734,0.26328499,-1.7474797,-0.43939256,0.089547936,-0.012689171,0.36396922,-1.4627612,0.38709652,0.47404994,0.36732674,0.45910733,-0.064912927,0.18513799,-0.30809505,-0.10831821,0.093007635,-0.068122511,-0.37583146,0.4113181,-0.49599964,0.051677814,-0.38736169,-0.61487166,-0.40650026,-1.1754022,-0.32583715,-0.62343369,-0.30882905,-1.0588512,-2.0193937,-2.2786984,0.028088586,-0.12329772,-0.030269201,0.042339292,0.044219376,-0.14096725,-0.084601055,0.24099157,-0.17231093,-0.28852143,-0.82051579,-0.53419774,0.075165153,0.083715425,-0.46058927,-0.27950093,0.069286621,0.17337497,-0.025761278,-0.15763716,0.2762966,0.40851409,0.24897255,0.36784667,0.094473041,-0.49934677,0.098664477,-0.10543023,-0.16283114,0.20966703,-0.20638382,0.27860301,0.060357393,-1.2019686,-0.39105963,0.59986345,-0.12306185,0.30920617,0.29351036,0.46977355,-0.043681126,-0.024637149,-0.39978877,0.15214175,0.35407874,-0.068638419,0.20802289,-0.30243862,0.34435288,0.06904554,0.13052485,0.17779187,0.38144751,0.21299543,0.18559708,0.20266226,0.050665246,-0.15683929,-0.040124252,0.17731894,0.44208636,-0.038177311,0.42431206,0.32242257,0.08245373,0.19899168,-0.30300694,-0.56862677,-0.13252686,0.45052946,-0.19232235,0.22669877,-0.12750183,-2.806169,0.28568349,0.068510425,0.046163628,0.23208136,0.35528322,0.37341296,0.20277728,0.3057448,-0.20057165,0.20499102,0.1422434,-0.16470695,-0.50710217,0.0964978,-0.22347636,-0.17710859,-0.1261233,-0.35374079,0.070111449,-0.43284279,-0.027488037,-0.23990568,-0.6450661,-0.46179987,-0.27039806,-0.5646671,0.11587454,-0.13942221,-0.1776565,-0.30949909,0.045500786,0.35041617,0.19208517,0.17476046,0.388893,-0.14230705,0.18660889,0.22091753,-0.4828912,0.17983896,-0.082351908,-0.46238794,-0.088510423,0.16905392,0.020239974,-0.21521772,-0.21390231,-0.15010016,-0.33805137,-0.64635431,-0.65155445,0.34703155,-0.18820521,-0.11847339,-0.18531984,0.13058194,-0.21123102,-2.5758811,-0.13612377,-0.79781587,-0.21083686,-0.88867873,0.29679176,-0.93757703,0.087189584,-0.053827792,-0.70549004,0.062203054,0.075561983,-0.25806751,0.26645517,0.23163866,-0.13375696,0.11830465,-0.0036849363,-0.19667102,-0.54160984,0.17936804,-0.45261749,-0.19461522,-0.20702441,0.36221296,0.14783983,-0.34958741,0.33387754,0.023893046,0.41625336,-0.092246373,0.34988321,-1.0562449,-0.20386867,0.12570041,0.084044609,0.35464702,-0.7821065,0.06438875,-1.8590728,0.50765328,0.32227286,0.054231818,-0.11445179,0.1467346,-0.29642171,0.14454925,0.11797214,0.24550237,0.0930387,0.083397484,0.23278753,0.22887654,-0.16889627,-0.24215583,-0.058192192,-0.12990102,-0.065965617,-0.69757961,0.048208425,0.34913692,0.43366319,0.17422305,-0.055226812,0.078495754,-0.43554383,-0.065816784,-1.132191,0.45651342,0.65845373,0.45579558,-1.1864305,-1.4011317,-0.071222851,-0.33527828,-0.15213123,0.073492981,-0.10417347,0.022086861,0.044659064,-0.50812578,-2.6563475,-0.487951,-0.49032696,-2.3341945,-1.8051093,-2.0045637,-0.56735398,0.29544125,0.10364978,0.63785138,0.12334262,0.33862971,-1.0515706,0.068022762,0.22808048,0.062401957,0.28688016,-0.075835704,-0.096827696,-1.2304363,0.01048512,-0.095420279,0.28727333,0.31097277,-0.10321661,-0.71742716,0.16202195,0.42166457,-0.087825621,0.052513657,-0.89701656,-0.32520335,-0.10534403,0.23940571,-1.1130111
-48.977811,1,2.2911677e-06,12,4095,0,51.129913,0.23498941,1.5129611,0.15121458,0.47133254,0.5,-0.31786146,0.017440864,-0.21306388,-0.19290349,0.31593886,0.062457439,0.40200375,0.42948287,0.10069856,-0.16253695,-0.2752607,-0.44484194,0.12885346,0.40352981,0.26365014,-1.7477584,-0.43944239,0.089761597,-0.01248284,0.36401831,-1.4628954,0.38742456,0.47463129,0.36764613,0.45967029,-0.06477314,0.18525073,-0.30790939,-0.10838348,0.092811089,-0.068063444,-0.37602452,0.41165582,-0.49609489,0.051417977,-0.38734689,-0.61477637,-0.40692853,-1.1755381,-0.32569613,-0.62347967,-0.30903601,-1.0591226,-2.0201481,-2.2793932,0.028381982,-0.12303099,-0.029972789,0.04242033,0.044475502,-0.14100454,-0.084416627,0.24083575,-0.17283,-0.28920044,-0.82031596,-0.53387502,0.074888531,0.083766905,-0.46085163,-0.27949351,0.069509321,0.17335548,-0.025779121,-0.15762238,0.27618047,0.40910366,0.24955494,0.3685012,0.094745247,-0.49987087,0.09827762,-0.10555805,-0.16261884,0.20976346,-0.20651159,0.27865537,0.060311472,-1.2024193,-0.39120017,0.60014749,-0.12318219,0.30946312,0.29362024,0.47016596,-0.043640117,-0.024533904,-0.39997764,0.15238642,0.35447044,-0.068400109,0.20839279,-0.30187475,0.34513145,0.06865242,0.13047213,0.17761865,0.38159102,0.21289726,0.18538649,0.20240787,0.050339963,-0.15657716,-0.039985074,0.17759896,0.44248576,-0.037990785,0.42464577,0.32267147,0.082322098,0.19870016,-0.30282982,-0.56828055,-0.13195867,0.4504881,-0.19279614,0.22625713,-0.12776597,-2.8071133,0.28579947,0.068578431,0.046223587,0.23218896,0.35541115,0.37351928,0.20279482,0.30640054,-0.20082822,0.20527511,0.14200389,-0.16409867,-0.50680492,0.097169614,-0.22283476,-0.17787303,-0.12664465,-0.35341526,0.069784487,-0.43261832,-0.02743499,-0.23989639,-0.6451848,-0.46164417,-0.27007223,-0.56439486,0.1163845,-0.13901647,-0.17728956,-0.30920849,0.045598729,0.35075914,0.19212142,0.17498755,0.38932597,-0.14233044,0.18688821,0.22131158,-0.48302761,0.18005966,-0.082235937,-0.46280049,-0.088420104,0.16896428,0.020221426,-0.21495551,-0.21398375,-0.15030041,-0.33821369,-0.64644159,-0.65186204,0.34697863,-0.18826728,-0.11860109,-0.18509624,0.13070544,-0.21104436,-2.5764503,-0.13579166,-0.79855535,-0.21106224,-0.888674,0.29723167,-0.93762917,0.087275125,-0.053555863,-0.70572342,0.06203432,0.075304971,-0.25809569,0.26682692,0.23172433,-0.13392078,0.11860512,-0.0036802779,-0.19663165,-0.541784,0.17922547,-0.45300961,-0.19490191,-0.20692632,0.36238291,0.14806516,-0.34995545,0.33428742,0.023950813,0.4163136,-0.09244645,0.34982132,-1.0563224,-0.20369724,0.12524868,0.084276883,0.35480533,-0.78245446,0.064564137,-1.8599748,0.50795384,0.32236907,0.054320332,-0.11471974,0.14638872,-0.29706114,0.14406082,0.11781427,0.24558077,0.092794804,0.082992422,0.23272163,0.2293333,-0.16935576,-0.2427762,-0.058417981,-0.12998842,-0.065937907,-0.69811148,0.048744119,0.3495204,0.43421589,0.17470986,-0.054820277,0.078935848,-0.43613998,-0.065404706,-1.1331796,0.45713904,0.65917618,0.45610765,-1.1867023,-1.4016023,-0.070764766,-0.33513444,-0.15209632,0.073494597,-0.10427602,0.022318699,0.044784311,-0.50797309,-2.6570388,-0.48800034,-0.49040809,-2.3348641,-1.8053308,-2.0049393,-0.56806376,0.2960233,0.1042426,0.63876957,0.12394439,0.33907324,-1.0516018,0.068469859,0.22859676,0.062616175,0.28702547,-0.075745433,-0.096392271,-1.231481,0.010195542,-0.095568534,0.28734283,0.3107752,-0.10339487,-0.71804654,0.16189447,0.42174925,-0.087744651,0.052697503,-0.89748987,-0.32525031,-0.1052173,0.23967552,-1.1135415
-48.721683,1,2.2911677e-06,12,4095,0,49.55041,0.2356561,1.514526,0.15149021,0.47128685,0.5,-0.31659607,0.017990486,-0.21522434,-0.1924583,0.31565901,0.062712594,0.40067196,0.42877409,0.1014074,-0.16154481,-0.27378238,-0.4428709,0.12970994,0.40235607,0.26373279,-1.7432265,-0.43783026,0.090451791,-0.01144368,0.36356488,-1.4589606,0.38675487,0.47390561,0.36715918,0.45913344,-0.063974027,0.18521771,-0.30930801,-0.10793784,0.093074675,-0.067549856,-0.37508247,0.41177095,-0.4947207,0.051708935,-0.38607888,-0.61274532,-0.40582287,-1.1723785,-0.32418459,-0.62136243,-0.30795437,-1.0562185,-2.0156721,-2.2741414,0.029352856,-0.12163804,-0.028711871,0.042750172,0.045086578,-0.14034491,-0.083570945,0.24052038,-0.17249455,-0.28886091,-0.81722274,-0.53126507,0.074616227,0.084335818,-0.45970026,-0.27839899,0.070047475,0.17318149,-0.025098947,-0.15651118,0.27576662,0.40910207,0.25025496,0.36898861,0.095473874,-0.49884187,0.097761952,-0.10510146,-0.16112043,0.20956207,-0.20587192,0.27771932,0.060142886,-1.1999535,-0.39040492,0.5994036,-0.12198826,0.310043,0.29396134,0.4703349,-0.042496083,-0.024188282,-0.39827476,0.15241811,0.35352689,-0.06780102,0.20825345,-0.30381818,0.34515117,0.068848682,0.13098852,0.17778948,0.38159451,0.21308726,0.18544818,0.20228818,0.050514902,-0.15813244,-0.038814934,0.17849089,0.44283715,-0.036473372,0.42518803,0.32348734,0.083206473,0.19898904,-0.30202207,-0.56648083,-0.13081736,0.44991086,-0.19200486,0.22583057,-0.12693266,-2.800492,0.28612748,0.069518236,0.047273085,0.23286977,0.35581403,0.37388675,0.20357491,0.30562072,-0.19945127,0.20446426,0.14247045,-0.16289812,-0.50517791,0.097816802,-0.22126805,-0.17756519,-0.12616292,-0.35186798,0.06992619,-0.43094269,-0.026472898,-0.2384203,-0.64283471,-0.4600114,-0.26863743,-0.56222823,0.11719166,-0.13761123,-0.17578188,-0.30741996,0.046139421,0.35063622,0.19204178,0.175248,0.38905278,-0.14158099,0.18713888,0.2216557,-0.48129463,0.18056483,-0.081398023,-0.46156975,-0.087584472,0.16890377,0.020723327,-0.21347496,-0.21296759,-0.14969703,-0.33696507,-0.64430653,-0.65007235,0.34590026,-0.18725307,-0.11802514,-0.18360369,0.13116516,-0.20957257,-2.5700127,-0.13420444,-0.79723669,-0.21053861,-0.88555609,0.29794793,-0.93436623,0.087267087,-0.052856448,-0.70335659,0.062464413,0.075468041,-0.25709939,0.2669171,0.23189291,-0.13345323,0.11951355,-0.0033437218,-0.19525886,-0.53991377,0.1787385,-0.45211197,-0.1945944,-0.20604357,0.36241965,0.14891163,-0.34945003,0.33497344,0.024950435,0.41597519,-0.091642129,0.34933002,-1.0533561,-0.20257638,0.12492332,0.084749707,0.35458142,-0.78029388,0.06534026,-1.8562007,0.50682653,0.32136859,0.054652457,-0.11440116,0.1457461,-0.29682324,0.14303372,0.11749476,0.24522847,0.092528238,0.082483308,0.23220401,0.23006547,-0.16925295,-0.24273073,-0.058304834,-0.12941852,-0.065088945,-0.69642571,0.049869115,0.34940303,0.43405517,0.17554213,-0.053405348,0.080122833,-0.43555676,-0.063731743,-1.1314885,0.45778696,0.65896188,0.45622235,-1.1839755,-1.3977273,-0.071784509,-0.3330381,-0.15069006,0.074184654,-0.10336424,0.023365864,0.04555635,-0.50572116,-2.6506148,-0.48619728,-0.48871253,-2.3294282,-1.8005547,-1.9999193,-0.56701189,0.29662486,0.10552178,0.63834592,0.1253926,0.3396345,-1.0480238,0.069936844,0.22980438,0.063778121,0.28738206,-0.075226067,-0.095309897,-1.228992,0.010543725,-0.094716771,0.28747833,0.31035413,-0.10251234,-0.71625376,0.16211037,0.42136613,-0.08728916,0.053767899,-0.8957926,-0.32435689,-0.10456947,0.24027445,-1.1113012
-48.800748,0.81329959,2.2911677e-06,12,4095,0,51.342284,0.23590911,1.5143635,0.15136838,0.47124332,0.5,-0.3169275,0.017734936,-0.21498533,-0.19283645,0.31550915,0.062430423,0.40067828,0.42874051,0.10119621,-0.16179323,-0.27404512,-0.44317867,0.12951689,0.40240143,0.26361507,-1.7438083,-0.43817685,0.090239645,-0.011679893,0.36339859,-1.4594651,0.38671307,0.47397294,0.3670898,0.45916479,-0.064215311,0.1850264,-0.30929022,-0.1082207,0.092762586,-0.067798537,-0.37543423,0.41164436,-0.49506721,0.05137584,-0.38638588,-0.61307137,-0.4062552,-1.172839,-0.32446774,-0.62173621,-0.30831776,-1.0567051,-2.0163956,-2.2748904,0.029147718,-0.12187679,-0.028934413,0.042519915,0.044892596,-0.14063257,-0.083801499,0.24026708,-0.17291042,-0.28932635,-0.8175808,-0.53155942,0.074316655,0.084080626,-0.46008462,-0.27869779,0.069848387,0.17295854,-0.025381793,-0.15680977,0.27553642,0.40907224,0.2501569,0.3689313,0.095277061,-0.49929953,0.097446093,-0.10540425,-0.16138283,0.20938022,-0.206186,0.27760574,0.059907807,-1.2004709,-0.39073337,0.59937485,-0.12233438,0.3098503,0.29374061,0.4702226,-0.042790232,-0.024413283,-0.39866995,0.15226238,0.35354433,-0.068000828,0.20815447,-0.30354393,0.34517947,0.068481598,0.13070569,0.17749275,0.38141484,0.21281266,0.18514737,0.20198722,0.050169922,-0.15803486,-0.039079906,0.17828459,0.44270929,-0.036748175,0.42502143,0.32327298,0.082873364,0.19864594,-0.30225533,-0.56671841,-0.13094916,0.4497328,-0.19243256,0.22549514,-0.1272987,-2.8013943,0.2859109,0.069245076,0.046990215,0.23262404,0.3555945,0.37366303,0.20329404,0.30570467,-0.19984935,0.20440785,0.14213265,-0.16302174,-0.50542124,0.097748712,-0.22140278,-0.17805311,-0.12658653,-0.35209787,0.069583719,-0.43121061,-0.026750297,-0.23874123,-0.64324459,-0.46029762,-0.26886046,-0.56250936,0.11706281,-0.13780868,-0.17599721,-0.30767468,0.045900606,0.35053309,0.1918293,0.17507003,0.38899886,-0.14186952,0.18697846,0.22152505,-0.48167456,0.18036731,-0.081649287,-0.46200459,-0.087843502,0.16864963,0.020451743,-0.21371979,-0.21328928,-0.1500308,-0.33732528,-0.64469456,-0.65050738,0.34577385,-0.18756886,-0.11833541,-0.18386136,0.13094032,-0.20984004,-2.5707924,-0.13443597,-0.79777717,-0.21087594,-0.88597453,0.29780278,-0.93481117,0.08706255,-0.053051117,-0.70380316,0.062150752,0.075144681,-0.25740428,0.26680048,0.23167822,-0.13376879,0.1193137,-0.003598537,-0.19556548,-0.54031278,0.17850189,-0.45252286,-0.19493893,-0.20630338,0.36224497,0.14869204,-0.34983194,0.33482107,0.02467005,0.41580245,-0.091987968,0.3491295,-1.0537881,-0.20282771,0.12457368,0.084557123,0.35442791,-0.78076149,0.065111067,-1.8569296,0.50685731,0.321283,0.054424505,-0.11473968,0.14545531,-0.29727217,0.14273234,0.117237,0.2450554,0.092238145,0.082159962,0.23199836,0.22992567,-0.16963796,-0.2431626,-0.058617173,-0.12971614,-0.065367801,-0.69692273,0.049728267,0.34931299,0.43403185,0.17540469,-0.053603861,0.079947531,-0.4360121,-0.063946196,-1.1321274,0.45770552,0.65901969,0.45608814,-1.184453,-1.3983321,-0.071699665,-0.33335777,-0.15100113,0.073906991,-0.10368646,0.023136852,0.045312045,-0.50604397,-2.6514296,-0.48655446,-0.48907297,-2.3301794,-1.8011333,-2.0005582,-0.56752743,0.29653424,0.10538708,0.63850741,0.12524767,0.33950204,-1.0484811,0.069743672,0.22964711,0.063533904,0.28717108,-0.075465929,-0.095477721,-1.2296907,0.01019819,-0.095049701,0.28726116,0.31009911,-0.10285649,-0.71678358,0.16182406,0.42120674,-0.087528434,0.053521468,-0.89627427,-0.32466204,-0.10480648,0.24008556,-1.1118308
-48.817638,1,2.2911677e-06,12,4095,0,50.498682,0.23696657,1.51005,0.15166662,0.47014776,0.5,-0.31815225,0.01846993,-0.2091797,-0.1929777,0.3183134,0.063440458,0.40528961,0.43266612,0.10204103,-0.16177801,-0.27504007,-0.44547075,0.13027195,0.40714356,0.26621228,-1.753264,-0.44017117,0.091107667,-0.011632923,0.36625341,-1.4671338,0.39060855,0.47845955,0.37065605,0.46332061,-0.063792298,0.18724172,-0.304548,-0.10751922,0.093493384,-0.066924282,-0.37623317,0.41406327,-0.49661557,0.051880217,-0.38738997,-0.6156485,-0.40809208,-1.1786928,-0.32570786,-0.62489724,-0.30949322,-1.0623245,-2.0270206,-2.2871724,0.029589502,-0.1224865,-0.029153443,0.043858345,0.046057736,-0.14036269,-0.083365561,0.24237052,-0.17319359,-0.29004224,-0.82235165,-0.53485665,0.076066986,0.084782459,-0.46156348,-0.27931595,0.071092526,0.17513624,-0.025116387,-0.15745653,0.27793417,0.41235312,0.25198148,0.37139333,0.096212266,-0.5012107,0.099433837,-0.10490331,-0.16239049,0.21190725,-0.20610538,0.28141922,0.062043607,-1.2055269,-0.39102997,0.60313266,-0.12353539,0.3110846,0.29511013,0.47266128,-0.043433421,-0.023036448,-0.40124995,0.15468771,0.35806803,-0.06684455,0.21124562,-0.29739502,0.34890567,0.068852651,0.13126113,0.17850383,0.38358687,0.21397595,0.1863007,0.20342512,0.050772773,-0.1531086,-0.039513922,0.17887949,0.44479848,-0.037843648,0.4265426,0.32397342,0.082373135,0.19907113,-0.30172464,-0.56806352,-0.1301625,0.45256551,-0.19365512,0.22711145,-0.12804468,-2.8175498,0.28733537,0.069160374,0.046632109,0.23324339,0.35688493,0.37497409,0.20345094,0.31059073,-0.20183503,0.2085868,0.14230215,-0.16226643,-0.50650244,0.099935714,-0.22141394,-0.1789356,-0.12721326,-0.35292603,0.070263644,-0.43261495,-0.026931192,-0.24023934,-0.64713758,-0.46178649,-0.26942243,-0.56492978,0.11845168,-0.13808124,-0.17661307,-0.30915389,0.046795518,0.35346426,0.19393872,0.17693857,0.39242767,-0.14177244,0.18900603,0.22364256,-0.48418717,0.18167128,-0.081384127,-0.46409235,-0.087643151,0.17039541,0.021129474,-0.21455338,-0.21397286,-0.15007151,-0.33877785,-0.64801678,-0.65362171,0.34952774,-0.18819611,-0.11811881,-0.18482303,0.13208898,-0.21085671,-2.5855003,-0.13531989,-0.80093581,-0.21078801,-0.89133236,0.29921566,-0.94065816,0.089178956,-0.052034026,-0.70806154,0.062583207,0.075952755,-0.25789785,0.26939375,0.23337182,-0.13339738,0.11992197,-0.0024761546,-0.19674939,-0.54324681,0.18102311,-0.45376277,-0.19451344,-0.20618416,0.364417,0.14924108,-0.35007613,0.33622814,0.024409653,0.41843733,-0.092501589,0.35179227,-1.0590319,-0.20307191,0.12596152,0.085967558,0.35710781,-0.7848482,0.065682728,-1.8663003,0.51131519,0.3252674,0.055776107,-0.11430486,0.14779631,-0.29763837,0.1455058,0.11938631,0.24783215,0.094048821,0.08408594,0.23475409,0.23134964,-0.16920495,-0.24302104,-0.05758774,-0.12937248,-0.06536718,-0.70040244,0.050466379,0.3523354,0.43751323,0.17668072,-0.053884502,0.080290367,-0.43705991,-0.06479893,-1.1368206,0.45975116,0.66286109,0.45843534,-1.1896476,-1.4067653,-0.067172986,-0.33592845,-0.15226966,0.074206525,-0.10418286,0.023239304,0.045757624,-0.50897142,-2.6664406,-0.4889909,-0.49134442,-2.3428175,-1.8110032,-2.0114226,-0.5700001,0.29857103,0.10593111,0.64311552,0.12543821,0.34125828,-1.0550071,0.069471356,0.2301683,0.063324386,0.28859663,-0.074521416,-0.094908863,-1.2364536,0.01049639,-0.095533677,0.28897313,0.31229336,-0.10349471,-0.72075611,0.16285064,0.42398434,-0.086458424,0.053442165,-0.89959365,-0.32495226,-0.10406511,0.24131246,-1.1165883
-48.421931,1,2.2911677e-06,12,4095,0,49.369003,0.23773099,1.5091021,0.15124377,0.47034002,0.5,-0.31948462,0.017578497,-0.20785835,-0.19428794,0.31797764,0.06251909,0.40569071,0.43281639,0.10127256,-0.16274399,-0.2761722,-0.44688207,0.12953582,0.4076526,0.26591807,-1.75627,-0.44164018,0.09034079,-0.012566745,0.36589273,-1.4697213,0.39072488,0.47896105,0.37064354,0.46366507,-0.064688293,0.18671203,0.39009723,-0.10848131,0.092459269,-0.067779362,-0.37756083,0.41372422,-0.49802583,0.050765631,-0.38863278,-0.61714008,-0.4097532,-1.1809375,-0.32692352,-0.62658139,-0.31089744,-1.0646027,-2.0305295,-2.2909559,0.028784586,-0.12351131,-0.030088739,0.043108254,0.045374971,-0.14139462,-0.084233575,0.24167549,-0.17461568,-0.29164348,-0.82420949,-0.53636961,0.075204504,0.083885043,-0.46305826,-0.28048778,0.070408925,0.1745232,-0.026137373,-0.15863447,0.27734092,0.41238302,0.25162282,0.37122516,0.095491237,-0.50294524,0.098564469,-0.10594148,-0.16352754,0.21144687,-0.20722633,0.28134399,0.061391154,-1.2078102,-0.39223655,0.60329191,-0.12490497,0.31041148,0.29438867,0.47236135,-0.044602348,-0.023768465,-0.40291624,0.15427164,0.35844426,-0.067544306,0.21106633,-0.29597634,0.34913885,0.067639788,0.13028012,0.17754993,0.38308573,0.21309656,0.18535573,0.20251964,0.04964454,-0.15236856,-0.040581593,0.17808817,0.44440601,-0.03902756,0.42597075,0.32317019,0.081123513,0.19792101,-0.30259104,-0.56917935,-0.1307427,0.45218453,-0.19522452,0.22615006,-0.12939869,-2.8222062,0.28663533,0.06811803,0.045529127,0.23235918,0.35615636,0.37423806,0.20241755,0.31117176,-0.20343264,0.20868976,0.14113378,-0.1628318,-0.50760103,0.099696848,-0.2221054,-0.18061066,-0.12869465,-0.35395913,0.069154251,-0.43381622,-0.027993359,-0.24157936,-0.64900536,-0.46304352,-0.27040337,-0.56629275,0.11795681,-0.13896216,-0.17758257,-0.31033182,0.045964798,0.35326016,0.19334101,0.17639134,0.39242721,-0.14282841,0.18852439,0.22324653,-0.48580545,0.18099863,-0.082326399,-0.46579229,-0.088613238,0.16964546,0.020191412,-0.21562195,-0.21521121,-0.15125707,-0.34021217,-0.64975915,-0.6554541,0.34942585,-0.18941287,-0.11921379,-0.18594024,0.13132816,-0.21200508,-2.589672,-0.13636499,-0.80303639,-0.21196627,-0.89341425,0.29868278,-0.94286995,0.088599601,-0.052736787,-0.71007043,0.061507801,0.074903952,-0.25907168,0.26910032,0.23271264,-0.13448714,0.11915059,-0.0033161449,-0.19801621,-0.54496561,0.18042632,-0.4552968,-0.19566895,-0.20716692,0.36392647,0.14841217,-0.35141166,0.3356774,0.023324618,0.41802775,-0.093778786,0.35131859,-1.0611289,-0.20408085,0.12492785,0.085319663,0.35674797,-0.78688328,0.064835576,-1.869663,0.51175681,0.32529695,0.055033617,-0.1154435,0.14703977,-0.29915663,0.14479207,0.11868139,0.24743165,0.093215754,0.083187027,0.23427207,0.23083428,-0.17045965,-0.24443113,-0.058582269,-0.13041944,-0.066411852,-0.70243499,0.049857542,0.35217714,0.43759581,0.17615074,-0.054769499,0.079542476,-0.43868001,-0.065801353,-1.1393642,0.45946038,0.66322387,0.45806815,-1.1918498,-1.4097014,-0.066572935,-0.33741046,-0.15356024,0.073202973,-0.1053986,0.022330737,0.044856688,-0.510502,-2.6707356,-0.49054198,-0.49288204,-2.3466496,-1.8140545,-2.0147504,-0.57195089,0.29826007,0.10530855,0.64387664,0.12473961,0.34080339,-1.0573383,0.068593794,0.22948106,0.062331583,0.2879058,-0.075346478,-0.09560368,-1.2394081,0.009325205,-0.096775322,0.28830976,0.31161172,-0.10478472,-0.72293357,0.16192229,0.42363029,-0.087266503,0.052464237,-0.90156948,-0.3261006,-0.10491101,0.24065027,-1.118867
-48.683683,0.98582162,2.2911677e-06,12,4095,0,49.139675,0.23806345,1.5032394,0.15134252,0.46730231,0.5,-0.32190628,0.017854218,-0.19999726,-0.19476433,0.32114354,0.063378698,0.41164606,0.43749033,0.10148836,-0.16365165,-0.27859494,-0.4511112,0.12950748,0.41357208,0.26850572,-1.7703227,-0.44519267,0.090598625,-0.013488236,0.36928546,-1.4813692,0.39533484,0.4841781,0.37475306,0.46837883,-0.064986843,0.18905209,0.39624826,-0.10813044,0.09303807,-0.0673309,-0.37921989,0.41610298,-0.50088754,0.051092565,-0.39084284,-0.62171978,-0.41260788,-1.189963,-0.32962378,-0.63182727,-0.31307405,-1.0731208,-2.0456794,-2.3085734,0.028323902,-0.12545876,-0.031508214,0.044209262,0.046006773,-0.14169583,-0.084569638,0.24420368,-0.17511352,-0.29257322,-0.83208617,-0.54227075,0.077346407,0.084110087,-0.46561218,-0.28213025,0.071195777,0.1769758,-0.026461804,-0.16031813,0.2802562,0.41571382,0.25280779,0.37325518,0.095774185,-0.50579337,0.10119449,-0.10579869,-0.1659788,0.21426616,-0.20769373,0.28615936,0.063799162,-1.2153087,-0.39324459,0.6078243,-0.12721831,0.31115055,0.29551162,0.47470176,-0.046312486,-0.022647544,-0.40713844,0.15674849,0.36393303,-0.066910021,0.21436732,-0.28798684,0.35287946,0.067936691,0.13041816,0.17850134,0.38534244,0.21417678,0.18656188,0.20419503,0.050190578,-0.14592145,-0.042115167,0.17786745,0.44621796,-0.041577976,0.4270317,0.3231404,0.079836923,0.19817681,-0.30279702,-0.57229848,-0.13105132,0.45567888,-0.19713279,0.22832211,-0.13088251,-2.8451125,0.28782445,0.067176741,0.044202585,0.23238868,0.35713785,0.37527743,0.2018892,0.31684448,-0.20671432,0.2137344,0.14094826,-0.16323486,-0.5102734,0.10129065,-0.22365445,-0.18166797,-0.12968573,-0.35629329,0.069810735,-0.4368562,-0.029057183,-0.24449224,-0.65521942,-0.46612163,-0.27235344,-0.57086128,0.1186007,-0.14059217,-0.17966026,-0.31356206,0.046407688,0.35638352,0.19562776,0.17808409,0.3961827,-0.14339534,0.19038224,0.22509306,-0.48999762,0.18188135,-0.082821324,-0.46902898,-0.089169391,0.17155825,0.020461885,-0.21788616,-0.21683166,-0.15180332,-0.34283985,-0.65518255,-0.66030371,0.35432317,-0.19097506,-0.11947726,-0.18834169,0.13210662,-0.2144393,-2.6109517,-0.13878873,-0.80742898,-0.21230231,-0.90189594,0.29945103,-0.95198806,0.090818392,-0.052346429,-0.71666236,0.061616184,0.075664097,-0.26048525,0.27167654,0.23433212,-0.13448282,0.11892274,-0.0024341089,-0.20050795,-0.54972078,0.18354142,-0.45734274,-0.19544143,-0.20785608,0.36614876,0.14819371,-0.35205619,0.33647274,0.02214629,0.42108721,-0.095001668,0.35456671,-1.069344,-0.20538135,0.12677241,0.086339583,0.35973351,-0.79309024,0.064710908,-1.8828233,0.51734626,0.33033647,0.056145191,-0.11521738,0.1501451,-0.29963347,0.14871695,0.12126129,0.25064985,0.095410918,0.085750972,0.23764335,0.2315941,-0.17000564,-0.24420264,-0.057553853,-0.13055212,-0.067177526,-0.70753391,0.049523543,0.35538258,0.44128264,0.17665861,-0.05641461,0.07875701,-0.44019987,-0.068282094,-1.1456727,0.46091916,0.66729173,0.46037744,-1.1997639,-1.4220318,-0.061042802,-0.3420403,-0.15616829,0.072904367,-0.10672009,0.021456196,0.044612354,-0.51565759,-2.6923017,-0.49473492,-0.49679809,-2.3648164,-1.8287776,-2.0307183,-0.5753771,0.29975654,0.10462281,0.64888229,0.1235297,0.34207095,-1.0674643,0.066908444,0.22885594,0.061032423,0.28906702,-0.074835183,-0.09606289,-1.2486098,0.0093879865,-0.098019881,0.28998266,0.31433678,-0.10621346,-0.72863157,0.16284127,0.42687313,-0.086563981,0.051388868,-0.90652796,-0.32720598,-0.10473622,0.24135954,-1.1258273
-48.45674,1,2.2911677e-06,12,4095,0,50.663702,0.238727,1.5018345,0.15184472,0.46270113,0.5,-0.32145333,0.018950205,-0.19813175,-0.19407855,0.3228408,0.064503482,0.41359638,0.43944569,0.10267926,-0.1627348,-0.27797701,-0.45091599,0.13070596,0.41563638,0.2702456,-1.7725158,-0.44497523,0.091794816,-0.012543323,0.37093633,-1.4829573,0.39730459,0.48631762,0.37667211,0.47048109,-0.063950188,0.19060168,0.39822284,-0.10707313,0.094040789,-0.066180107,-0.37867106,0.41776598,-0.500541,0.052007903,-0.39029038,-0.62163358,-0.41247006,-1.1909823,-0.32910598,-0.63196969,-0.31265214,-1.0741097,-2.0484049,-2.3117967,0.029421076,-0.12469479,-0.030611611,0.045500081,0.047307934,-0.14076736,-0.083513635,0.24560699,-0.17452331,-0.2921676,-0.83264537,-0.54232377,0.07863271,0.085193955,-0.46529959,-0.28145915,0.072510279,0.17846439,-0.02553177,-0.15965778,0.28174508,0.41768865,0.25441813,0.37506378,0.097010077,-0.50570919,0.102502,-0.10482767,-0.16535966,0.21589024,-0.20685043,0.28802928,0.065284736,-1.2161731,-0.39251409,0.60965221,-0.1267734,0.31247236,0.29681419,0.47638911,-0.04563717,-0.02133034,-0.40714823,0.15840916,0.3660374,-0.065613344,0.21624436,-0.28584409,0.35504811,0.068769608,0.13142923,0.17960136,0.38687201,0.21534671,0.18768789,0.20538529,0.051117323,-0.14403532,-0.041339076,0.17901052,0.44782509,-0.040981715,0.42846517,0.32431168,0.080500485,0.19905897,-0.30170408,-0.5717393,-0.12975641,0.45726367,-0.19681627,0.2294907,-0.13034283,-2.8496238,0.28915099,0.068040058,0.044980225,0.23348091,0.35843079,0.37656795,0.20281332,0.31916317,-0.20655312,0.21580777,0.14177786,-0.1619374,-0.50965253,0.10304046,-0.22258439,-0.18134577,-0.12919915,-0.35558809,0.070763606,-0.43636582,-0.028230682,-0.24408975,-0.65560918,-0.4656801,-0.2715634,-0.57066955,0.12005458,-0.13968241,-0.17886989,-0.31306649,0.04756785,0.35818084,0.19711441,0.17957769,0.39812224,-0.14251592,0.19194077,0.22671753,-0.48997131,0.18320871,-0.081843457,-0.46896486,-0.088220759,0.17289946,0.021519223,-0.21719736,-0.21621467,-0.15102668,-0.3424935,-0.65539355,-0.66052627,0.35609047,-0.19033421,-0.11859779,-0.18770328,0.13335316,-0.21383235,-2.6148854,-0.13808718,-0.80780101,-0.21148976,-0.90270389,0.30089077,-0.95296583,0.092342513,-0.051078749,-0.71721334,0.062543449,0.07667403,-0.2597924,0.27341496,0.2357212,-0.13356847,0.1200752,-0.0012336763,-0.20000241,-0.5498374,0.1850698,-0.45700232,-0.19454628,-0.20692711,0.36768958,0.14930211,-0.35139135,0.33790347,0.02294664,0.42268204,-0.094373176,0.35612918,-1.0701536,-0.20454311,0.12788118,0.087702493,0.36139702,-0.79362655,0.065806055,-1.8852019,0.51928993,0.33222999,0.057441929,-0.11431984,0.15155116,-0.29910427,0.1501734,0.12269647,0.25232063,0.096719372,0.087033641,0.23925107,0.2330443,-0.16916784,-0.24350571,-0.056456213,-0.1296177,-0.066311326,-0.70794652,0.050794648,0.35721962,0.44327525,0.17807456,-0.055500326,0.079876964,-0.43986415,-0.067536621,-1.1466034,0.46260571,0.66935476,0.46200837,-1.2006172,-1.4239671,-0.059070881,-0.34192122,-0.15568775,0.073854736,-0.10605105,0.022429847,0.045651286,-0.51565499,-2.6963727,-0.49465326,-0.49667605,-2.3681389,-1.8310797,-2.033386,-0.57553328,0.30142515,0.10585824,0.65113673,0.12466601,0.34360521,-1.0686466,0.067848401,0.23006665,0.06190414,0.29039687,-0.073652665,-0.0948775,-1.2502274,0.010233152,-0.097364636,0.29136489,0.31573514,-0.105617,-0.72922968,0.16395937,0.42850796,-0.085345228,0.052290755,-0.90685897,-0.32645012,-0.10360586,0.24268445,-1.1266325
-48.572064,1,2.2911677e-06,12,4095,0,49.456773,0.23843989,1.5002993,0.15180807,0.4625817,0.5,-0.32224261,0.018874846,-0.19607604,-0.19420191,0.32353897,0.064651135,0.41510579,0.44051924,0.10251878,-0.16318834,-0.27887227,-0.45229568,0.13044095,0.41706621,0.27069544,-1.7764846,-0.44608725,0.091648118,-0.013018324,0.37174437,-1.4863062,0.39835645,0.48745234,0.3775793,0.47147209,-0.064226282,0.19107849,0.39978491,-0.10709037,0.094150404,-0.066217656,-0.37920109,0.41817416,-0.50144614,0.052069626,-0.39105497,-0.62309287,-0.41323821,-1.1935967,-0.33005355,-0.63356042,-0.31331872,-1.07653,-2.0524926,-2.3166004,0.029040062,-0.12548195,-0.031261871,0.045641526,0.047248366,-0.14097447,-0.083817831,0.24624794,-0.17459444,-0.29229903,-0.83506634,-0.54423867,0.079204285,0.085105615,-0.46605342,-0.28206223,0.072506106,0.17902602,-0.025749955,-0.16027009,0.28248119,0.41826608,0.25438765,0.3752451,0.096848345,-0.50643916,0.10325647,-0.10487662,-0.16626386,0.21650937,-0.20707132,0.28924017,0.06583872,-1.218243,-0.39288545,0.61071508,-0.12750714,0.31244676,0.29695495,0.47676483,-0.046266074,-0.02119549,-0.40839175,0.15887257,0.36731851,-0.065667129,0.21689361,-0.28386,0.35566681,0.068871802,0.13135249,0.1798014,0.38731804,0.21555445,0.18797517,0.20582176,0.05126248,-0.14239381,-0.041959597,0.17870421,0.44804709,-0.041903856,0.42850129,0.32407346,0.080059868,0.19911441,-0.30197297,-0.57288937,-0.13020278,0.45813923,-0.19730172,0.23013969,-0.13079379,-2.8558162,0.28930313,0.067612425,0.044448217,0.2333115,0.35852212,0.37668438,0.20252297,0.32039109,-0.20750805,0.21699343,0.1416848,-0.16242476,-0.51065478,0.10308948,-0.22340514,-0.18147893,-0.12941051,-0.35650344,0.070937507,-0.43743903,-0.02868902,-0.24504914,-0.65744377,-0.46673789,-0.27237201,-0.57219149,0.11990203,-0.1404322,-0.17972994,-0.31421983,0.047520496,0.35879634,0.19760936,0.17982867,0.39888294,-0.14280278,0.192217,0.22694602,-0.49122817,0.18323542,-0.082163681,-0.46984593,-0.088547742,0.17333725,0.021466504,-0.21807075,-0.21677354,-0.15123859,-0.34330056,-0.65701473,-0.66190004,0.35737616,-0.19088384,-0.1187578,-0.18860019,0.13338875,-0.21472361,-2.6207651,-0.13903148,-0.80888299,-0.21163539,-0.90521853,0.30080151,-0.95563612,0.092792677,-0.051216073,-0.71910357,0.062507159,0.07685405,-0.26031351,0.27386098,0.23600758,-0.13363843,0.11975746,-0.0011238657,-0.2008519,-0.55123832,0.18586945,-0.45755959,-0.19450812,-0.20729655,0.36811585,0.14901753,-0.35156754,0.33783215,0.022459769,0.42339335,-0.09477204,0.35693942,-1.0725626,-0.20511054,0.12844175,0.087763304,0.36204314,-0.79536795,0.065565934,-1.888676,0.52065149,0.33349452,0.057583646,-0.11428634,0.15242806,-0.29912369,0.15133833,0.12334769,0.25306337,0.097297264,0.087778591,0.24009445,0.23294315,-0.16899816,-0.24333709,-0.056217418,-0.12975813,-0.06667238,-0.70930254,0.050354976,0.35784181,0.44397133,0.17789136,-0.056256058,0.079349552,-0.44019582,-0.06852783,-1.1481267,0.46263961,0.67010766,0.46240802,-1.2028708,-1.427374,-0.057779032,-0.34341102,-0.15656725,0.073635861,-0.10651718,0.021957018,0.045397389,-0.51729729,-2.7022864,-0.49594613,-0.49787934,-2.3731093,-1.8352591,-2.0378539,-0.57635107,0.30148339,0.10529915,0.65208884,0.12395782,0.34365734,-1.0716069,0.067067753,0.22955638,0.061324128,0.29053563,-0.073684193,-0.095316335,-1.2525303,0.01023049,-0.097789763,0.29167592,0.31645101,-0.10608107,-0.73071759,0.16413464,0.42926276,-0.085319708,0.051782603,-0.90820472,-0.32688108,-0.10374408,0.2426429,-1.1285149
-48.657741,1,2.2911677e-06,12,4095,0,50.018237,0.23899986,1.5001306,0.15169157,0.4600056,0.5,-0.32257625,0.018621502,-0.19584936,-0.19470253,0.32339251,0.06431598,0.41508532,0.44052125,0.1023655,-0.16338285,-0.2790509,-0.45251779,0.13033789,0.41714014,0.27065606,-1.7770065,-0.44641924,0.091492377,-0.013186822,0.37154348,-1.4867346,0.39835133,0.48762935,0.37755271,0.47161582,-0.064426082,0.19088982,0.39977966,-0.10740063,0.09375394,-0.066456372,-0.37959997,0.41811353,-0.50179561,0.051637524,-0.39133814,-0.62334448,-0.41378369,-1.1940084,-0.33027148,-0.63389637,-0.31373005,-1.077014,-2.0532991,-2.3173851,0.028926533,-0.12562159,-0.031382393,0.045415536,0.047120861,-0.14127813,-0.083992431,0.24590395,-0.17517992,-0.29297868,-0.83528566,-0.54437764,0.078786735,0.084850507,-0.46649641,-0.28234448,0.072363007,0.17876058,-0.026045018,-0.16055513,0.28216781,0.41837473,0.25445206,0.37536184,0.096724951,-0.50704032,0.10277924,-0.10522672,-0.16644277,0.21631907,-0.20742537,0.28907889,0.065557524,-1.218822,-0.39324914,0.61070336,-0.12787799,0.31231528,0.29674405,0.47673712,-0.046539278,-0.021405966,-0.40881057,0.15875891,0.36738378,-0.065805279,0.21686518,-0.28352147,0.35588817,0.068368758,0.13104479,0.1794311,0.38714922,0.21522752,0.1875847,0.20541193,0.050800151,-0.14230605,-0.042170984,0.17857972,0.44801284,-0.042102701,0.42841466,0.32392486,0.079685946,0.19866253,-0.30215276,-0.57298839,-0.13015901,0.45789688,-0.19786548,0.22963207,-0.13123098,-2.8567691,0.28910417,0.067365407,0.044192383,0.23309174,0.35832318,0.37647338,0.20224513,0.32060312,-0.20795906,0.21695436,0.14126519,-0.162361,-0.51078445,0.10320611,-0.22332978,-0.18220504,-0.12999347,-0.35661713,0.070480044,-0.43761544,-0.02894069,-0.24533824,-0.65782662,-0.46695307,-0.27248139,-0.57234682,0.11991611,-0.14049418,-0.17981718,-0.31435787,0.047296108,0.35875403,0.19737186,0.17969534,0.39891265,-0.14309978,0.19211691,0.22691202,-0.49161434,0.18308888,-0.082380954,-0.4703854,-0.08878069,0.17302396,0.02117798,-0.21821568,-0.2171106,-0.15163695,-0.34369412,-0.65738036,-0.66238961,0.35716059,-0.19121,-0.11911427,-0.18876828,0.13318494,-0.21491333,-2.6215001,-0.13914097,-0.80961592,-0.21204569,-0.90555238,0.30077504,-0.95600839,0.09258548,-0.051332367,-0.71956248,0.062127376,0.076430515,-0.260621,0.27382226,0.23579384,-0.13401652,0.11964801,-0.0013964335,-0.20112675,-0.55164789,0.18554014,-0.45808141,-0.19495478,-0.20752487,0.36795991,0.14886305,-0.35206655,0.3377906,0.022200501,0.42319129,-0.095177198,0.3566706,-1.0729376,-0.20530232,0.1279184,0.08762253,0.36189766,-0.79588361,0.065386886,-1.8895554,0.52069661,0.3333682,0.057362078,-0.11472353,0.15197887,-0.29978148,0.1508243,0.1230013,0.25286785,0.096893665,0.087285746,0.23981783,0.23293143,-0.16954297,-0.24397727,-0.05662017,-0.1300893,-0.066942368,-0.70992219,0.050379712,0.35782541,0.44406903,0.17789349,-0.05631671,0.079312649,-0.44083115,-0.068595558,-1.1490159,0.46272572,0.67032866,0.46233161,-1.2033514,-1.4280028,-0.057632867,-0.34364349,-0.15684783,0.073352921,-0.10686494,0.021804662,0.045188494,-0.51752164,-2.7030897,-0.49627981,-0.49822896,-2.3738781,-1.835752,-2.0384426,-0.57706454,0.30155066,0.10534946,0.65246402,0.12400367,0.34363627,-1.0719754,0.067021568,0.22955574,0.061148573,0.29034364,-0.07390603,-0.095345124,-1.2534729,0.0097819579,-0.098165584,0.29145026,0.31608807,-0.10647676,-0.73139284,0.16378627,0.42907898,-0.085546333,0.05159685,-0.90878778,-0.32719502,-0.10395036,0.24252307,-1.1291443
-49.365981,1,2.2911677e-06,12,4095,0,51.205483,0.23706135,1.4980192,0.15079719,0.46249087,0.5,-0.32552957,0.016666306,-0.19306349,-0.19611404,0.3226631,0.062957111,0.41623132,0.44042456,0.10000554,-0.16613325,-0.28258438,-0.45675242,0.12766348,0.41786868,0.26914388,-1.7847728,-0.44991637,0.08916413,-0.016047016,0.37120491,-1.4937118,0.39817152,0.48739074,0.37704808,0.4710354,-0.066862451,0.18977494,0.40103519,-0.10912002,0.092485704,-0.068390704,-0.38195945,0.41660427,-0.50490587,0.050377352,-0.39438393,-0.6276285,-0.41615241,-1.1998026,-0.33379145,-0.63818079,-0.31627561,-1.0822952,-2.0605276,-2.3258599,0.026085908,-0.12908435,-0.03466917,0.04376338,0.044870531,-0.14333523,-0.086542313,0.24550244,-0.17628199,-0.29394722,-0.84128292,-0.54974958,0.078386691,0.082875561,-0.46911149,-0.28511911,0.070251389,0.17799154,-0.028138298,-0.16334108,0.28189613,0.41683152,0.25177042,0.37295915,0.094286679,-0.50920865,0.10287028,-0.10689554,-0.17000533,0.21548949,-0.20937923,0.28953029,0.064775776,-1.2232923,-0.39544918,0.61077464,-0.13065837,0.3101267,0.29506729,0.4750932,-0.049398152,-0.023118991,-0.41231152,0.15742054,0.36763089,-0.068030437,0.21569904,-0.28138924,0.3541408,0.067364691,0.12922735,0.17826508,0.38597422,0.21396678,0.1866269,0.20477792,0.049764514,-0.14070251,-0.045171551,0.17587835,0.4460617,-0.04567778,0.42621747,0.32137276,0.077390925,0.19743856,-0.30466,-0.57716219,-0.13351831,0.45785849,-0.1997118,0.22964766,-0.13334686,-2.8671247,0.28742317,0.064779098,0.041446191,0.23087134,0.35652116,0.3747476,0.19995445,0.32034138,-0.21090682,0.21699456,0.13970166,-0.16584403,-0.51463433,0.10052201,-0.22740042,-0.18304036,-0.1313277,-0.36035666,0.069485714,-0.44145551,-0.031553884,-0.24869798,-0.66240538,-0.47066691,-0.27605203,-0.57698929,0.11714113,-0.14409299,-0.18353677,-0.31843704,0.045313879,0.35761821,0.19641242,0.17802137,0.397954,-0.14530629,0.19040801,0.22495497,-0.49521369,0.18104335,-0.084848248,-0.47295902,-0.091219153,0.17214295,0.019352785,-0.22180413,-0.2196689,-0.15345547,-0.34652303,-0.66164091,-0.66591467,0.35798933,-0.19378142,-0.1209541,-0.19234068,0.13129954,-0.21841751,-2.63191,-0.14295576,-0.81204374,-0.21373052,-0.91140776,0.29820639,-0.96203243,0.091438857,-0.053749882,-0.72403789,0.060564365,0.075356364,-0.2631966,0.27230028,0.23439562,-0.13565408,0.11689847,-0.0029895146,-0.20434149,-0.55542643,0.18538903,-0.46017513,-0.19624576,-0.21005267,0.36670923,0.14628221,-0.35359423,0.33528965,0.019545391,0.42266632,-0.097292155,0.35648683,-1.0784856,-0.20825375,0.12777965,0.085616333,0.3610751,-0.79995061,0.062957089,-1.8955808,0.52142491,0.33392722,0.055700704,-0.11603383,0.15225502,-0.30063129,0.15184493,0.12258082,0.25231338,0.096472373,0.087389832,0.23965815,0.23031254,-0.17035781,-0.24456009,-0.057667394,-0.13196307,-0.069342386,-0.71307985,0.047079854,0.35664279,0.44283398,0.17509413,-0.059938671,0.07600989,-0.4422622,-0.072618382,-1.1517926,0.46010029,0.66912179,0.46085021,-1.2083741,-1.4345713,-0.057162497,-0.34806933,-0.16010805,0.071224267,-0.10924125,0.018903748,0.042812179,-0.52219597,-2.71337,-0.50007444,-0.50183111,-2.3826696,-1.8439467,-2.0468664,-0.57908855,0.29902742,0.10176317,0.65149777,0.1201508,0.34131688,-1.0784997,0.063284924,0.22615183,0.058104574,0.28861505,-0.07587608,-0.098498941,-1.2573726,0.0084533475,-0.10040111,0.2901324,0.31590779,-0.10872788,-0.7346253,0.16251735,0.42861117,-0.087411415,0.048712034,-0.91204796,-0.32961235,-0.1061436,0.24028462,-1.1331726
-49.005181,1,2.2911677e-06,12,4095,0,49.108434,0.2367128,1.4925396,0.15080314,0.46334345,0.5,-0.32815067,0.016617044,-0.18584537,-0.19661796,0.32535615,0.063581295,0.42163899,0.4444778,0.099780218,-0.16742365,-0.28538966,-0.46129192,0.12713834,0.42312177,0.27112966,-1.7986809,-0.45365802,0.088983434,-0.017377032,0.37419603,-1.5053534,0.40215864,0.49180133,0.38055012,0.47496315,-0.067543391,0.19168993,0.4066266,-0.10903251,0.092906786,-0.068290913,-0.38375574,0.41841564,-0.50794947,0.050592704,-0.39686064,-0.63248488,-0.41895012,-1.2088691,-0.33682634,-0.64359128,-0.31856138,-1.0907689,-2.0751897,-2.3429877,0.025145757,-0.13146306,-0.036548132,0.044493135,0.045022038,-0.14389929,-0.08729142,0.24779227,-0.17670439,-0.2946878,-0.8494362,-0.55604314,0.080372332,0.082779302,-0.47173816,-0.2870323,0.070576118,0.18010803,-0.028730205,-0.16528774,0.28453609,0.4193911,0.25224433,0.3742095,0.094091493,-0.51193917,0.10540893,-0.10696507,-0.17283657,0.21788201,-0.21004902,0.29389668,0.066858642,-1.2306586,-0.39665025,0.61473257,-0.13312272,0.31039517,0.2958105,0.4768299,-0.051382339,-0.022391489,-0.41660779,0.15937709,0.37242918,-0.067870402,0.21837275,-0.27422612,0.35696707,0.067638626,0.12911322,0.17902865,0.38779518,0.21480616,0.18766546,0.2063032,0.050233593,-0.13485008,-0.047054122,0.17518976,0.44727879,-0.048582322,0.4267503,0.3208994,0.07594635,0.19761235,-0.30529056,-0.58076445,-0.13450597,0.46101316,-0.20154523,0.2317832,-0.13491038,-2.8892781,0.28822014,0.063526477,0.039823027,0.23054554,0.35711247,0.37541076,0.1991464,0.32513522,-0.21423073,0.22142566,0.13940253,-0.16695119,-0.51775914,0.10132775,-0.22965051,-0.18384205,-0.13223216,-0.36315969,0.070060346,-0.44488155,-0.032922552,-0.25185094,-0.66871389,-0.47408521,-0.27847745,-0.58194958,0.11713629,-0.14625446,-0.18611026,-0.32208977,0.045394271,0.36014602,0.19833233,0.17923039,0.40103377,-0.14613906,0.19174093,0.22619932,-0.49952206,0.18147009,-0.085703009,-0.47614287,-0.092115795,0.17378412,0.01934097,-0.22449218,-0.22149256,-0.15414681,-0.34927706,-0.66719349,-0.67075473,0.36251873,-0.19555982,-0.12141686,-0.19513502,0.13169025,-0.2212192,-2.6527153,-0.14584226,-0.81615195,-0.21420474,-0.92002207,0.29837725,-0.97123072,0.093249221,-0.053852802,-0.73063274,0.060503102,0.075989763,-0.26485585,0.27427301,0.23563231,-0.13583013,0.11618489,-0.002421976,-0.20709719,-0.56026294,0.18823641,-0.46221115,-0.19612482,-0.21109184,0.36847898,0.14563185,-0.3542764,0.33550655,0.018070875,0.42532943,-0.09863835,0.35941354,-1.0867935,-0.20993752,0.12960252,0.086166146,0.36359225,-0.80609912,0.062427563,-1.9081911,0.52639919,0.3384885,0.056436242,-0.11592054,0.15523266,-0.30095625,0.15571489,0.12491463,0.2551101,0.098492915,0.089879202,0.24270309,0.23045798,-0.16989563,-0.24421054,-0.056803326,-0.13232801,-0.070399383,-0.71801139,0.04609853,0.35922152,0.44576733,0.17497268,-0.06211334,0.074657163,-0.44364496,-0.075611304,-1.1576177,0.46082027,0.6723232,0.46261326,-1.216266,-1.4466433,0.64644397,-0.35299079,-0.16297109,0.07064739,-0.11075309,0.017602159,0.042199886,-0.52764795,-2.7343779,-0.50444586,-0.50591086,-2.4003579,-1.8585518,-2.0625914,-0.58225705,0.29980664,0.10040413,0.65548273,0.11827751,0.34197469,-1.0887009,0.061051956,0.22491199,0.056409063,0.28937247,-0.075735938,-0.099543654,-1.2659812,0.0084278236,-0.10180408,0.29143722,0.31842121,-0.11028916,-0.74008086,0.16322049,0.4314365,-0.087079112,0.047251619,-0.91689823,-0.33096488,-0.1063552,0.24051015,-1.1399471
-48.999401,0.66160195,2.2911677e-06,12,4095,0,51.808349,0.23579264,1.4960731,0.15159181,0.46251985,0.5,-0.32470447,0.018390068,-0.19044964,-0.19407425,0.3252102,0.065116412,0.41925058,0.44305249,0.10145443,-0.16503166,-0.28214358,-0.45694358,0.12889259,0.42065333,0.27122863,-1.7882516,-0.44956026,0.090637818,-0.01501624,0.37395381,-1.4964418,0.4008158,0.48971603,0.37960344,0.47331923,-0.065501236,0.19214859,0.40407496,-0.10721097,0.094677811,-0.066624179,-0.38064996,0.41864189,-0.50421534,0.052561783,-0.39359394,-0.62789266,-0.41497588,-1.2014949,-0.33337134,-0.63850439,-0.31515309,-1.0835934,-2.0637527,-2.3301522,0.027168011,-0.12854205,-0.033957547,0.045749869,0.04642433,-0.14171611,-0.085259489,0.24831734,-0.17404117,-0.29164157,-0.84297504,-0.55082728,0.081268096,0.084576258,-0.4680588,-0.28409711,0.071908638,0.18059787,-0.026555021,-0.16233568,0.28477091,0.41878914,0.25306293,0.37443873,0.095687888,-0.50788756,0.10608296,-0.10497571,-0.16957522,0.21804434,-0.20769579,0.29267333,0.067426093,-1.2239225,-0.39395198,0.61330894,-0.12969315,0.31173301,0.29701621,0.47703319,-0.048427536,-0.021154315,-0.41200977,0.15966275,0.37036693,-0.066444276,0.21802719,-0.27890317,0.35597297,0.069721466,0.13103646,0.18054995,0.38824511,0.21619209,0.18905972,0.20744078,0.052119682,-0.13796524,-0.044279407,0.17708899,0.44783137,-0.045222439,0.42783918,0.322728,0.078789059,0.1996461,-0.30330015,-0.57720627,-0.13277307,0.46072165,-0.19809776,0.23274443,-0.13187061,-2.8731561,0.28937727,0.066006806,0.042540476,0.23242375,0.3583941,0.37667268,0.20143094,0.3227974,-0.210128,0.21993479,0.14166041,-0.16518989,-0.51442461,0.10184491,-0.22724439,-0.18067292,-0.12928836,-0.36005343,0.071878649,-0.44128562,-0.030366022,-0.24817266,-0.66300097,-0.47041434,-0.27559928,-0.57749518,0.11834064,-0.14362436,-0.18318736,-0.31843236,0.047027936,0.35988475,0.19888053,0.18000552,0.40025147,-0.14381248,0.19237428,0.22675006,-0.49498435,0.18274197,-0.083526271,-0.47195542,-0.089883564,0.17466015,0.021163184,-0.22138362,-0.21850579,-0.15169901,-0.34563657,-0.66196964,-0.66570019,0.36124537,-0.19262219,-0.11918951,-0.19191501,0.13309914,-0.2179535,-2.6378217,-0.14268388,-0.81101771,-0.21185238,-0.91306066,0.29956187,-0.96384765,0.093826053,-0.052313566,-0.72461052,0.062532735,0.077696847,-0.26202542,0.27437482,0.23654933,-0.13372771,0.11806701,-0.00097304227,-0.20368702,-0.5553672,0.18839693,-0.45872186,-0.19404898,-0.20877963,0.36893583,0.14756679,-0.35161638,0.33669845,0.020699392,0.42529079,-0.095797503,0.35935666,-1.0799384,-0.20732595,0.13079714,0.087353876,0.36355334,-0.80022183,0.064337978,-1.8978,0.52413041,0.3370232,0.057679627,-0.11387006,0.15556196,-0.29819432,0.15561035,0.12544446,0.25501545,0.099329793,0.090613948,0.24261727,0.23163008,-0.16782342,-0.24187382,-0.055258965,-0.13020588,-0.067998409,-0.71264159,0.047866514,0.35887562,0.44492841,0.17627512,-0.059470388,0.076770895,-0.44030281,-0.072465872,-1.1511546,0.46144211,0.67095204,0.46289779,-1.2094298,-1.4370731,-0.054786429,-0.34838439,-0.15948373,0.072792072,-0.10792767,0.019917245,0.04421874,-0.52275616,-2.7192301,-0.49997368,-0.50157723,-2.3872216,-1.8477712,-2.0509658,-0.57772624,0.30043147,0.10234775,0.65319817,0.12054078,0.34284681,-1.0807372,0.063710762,0.22689805,0.059001413,0.29052907,-0.074127446,-0.09762784,-1.2578167,0.010576344,-0.09898897,0.29232864,0.31882903,-0.10734253,-0.73429643,0.16473,0.43125047,-0.085572288,0.049727325,-0.91162882,-0.32829085,-0.10457427,0.24185158,-1.1334663
-48.347913,0.94071983,2.2911677e-06,12,4095,0,50.908837,0.23747578,1.5057838,0.15169736,0.46342906,0.5,-0.31997933,0.018600542,-0.20342704,-0.19350299,0.32055401,0.063946772,0.40957446,0.4360523,0.10217839,-0.16246078,-0.27679216,-0.44852818,0.13026011,0.41144964,0.26809343,-1.7634518,-0.4428012,0.091273341,-0.012312573,0.36862839,-1.4755653,0.39394644,0.48231743,0.37362697,0.46680432,-0.064044328,0.18887289,0.39406808,-0.10736402,0.09377074,-0.06666432,-0.37755027,0.41578643,-0.49876347,0.051960135,-0.38904188,-0.61896943,-0.41033105,-1.1852523,-0.32767568,-0.62873401,-0.31118478,-1.0685602,-2.0381267,-2.3000226,0.029264347,-0.12388163,-0.030163669,0.044590085,0.046503532,-0.14066701,-0.08363173,0.24406047,-0.17377576,-0.29097779,-0.82799937,-0.53906043,0.077444716,0.08487725,-0.46353888,-0.28056453,0.07164039,0.17681033,-0.025432936,-0.15873489,0.27991482,0.41483636,0.25291546,0.37295494,0.096412127,-0.50347176,0.10113055,-0.10491527,-0.16416216,0.21387892,-0.20655319,0.28482577,0.063677732,-1.2110837,-0.39186678,0.60641168,-0.12530362,0.31160526,0.2958649,0.47437309,-0.044724901,-0.022283425,-0.40439913,0.15645372,0.36206485,-0.066401829,0.21364077,-0.29149331,0.35173664,0.068874709,0.13126585,0.17905689,0.38516838,0.21464231,0.18702555,0.2044745,0.050992439,-0.14842461,-0.040650234,0.1787201,0.44613083,-0.03969581,0.42731507,0.32393907,0.08133347,0.19909018,-0.30189957,-0.57027028,-0.13030064,0.4549917,-0.19523151,0.22846572,-0.12925778,-2.8342447,0.2881413,0.068427017,0.045620625,0.23321443,0.35754391,0.3756684,0.20299658,0.31479184,-0.20433262,0.21221929,0.14202165,-0.16246121,-0.50840552,0.10118742,-0.22241809,-0.17998626,-0.12814723,-0.35458078,0.070563097,-0.43480232,-0.027754542,-0.24239567,-0.65168658,-0.4640202,-0.27080266,-0.56819423,0.11897673,-0.13921097,-0.17807358,-0.31145886,0.047060134,0.35572613,0.19550892,0.17813652,0.39517423,-0.14226267,0.19033763,0.22499861,-0.48729873,0.18228618,-0.081783871,-0.46659965,-0.088094048,0.1716616,0.021238817,-0.21617576,-0.21523224,-0.150597,-0.3407802,-0.65199317,-0.65725073,0.35296675,-0.18940866,-0.11842213,-0.18655471,0.13260166,-0.21262214,-2.6009297,-0.13703798,-0.80435939,-0.21116983,-0.8974671,0.29980905,-0.94726404,0.090714662,-0.051755245,-0.71291466,0.062532862,0.076344457,-0.25899459,0.27126782,0.23447761,-0.13352004,0.11976448,-0.0019229691,-0.19859789,-0.54677057,0.18313856,-0.45541389,-0.194511,-0.20672713,0.36598068,0.14906834,-0.35071952,0.33683279,0.023502971,0.4205749,-0.093511783,0.35403096,-1.0649971,-0.20403148,0.12707595,0.086683732,0.35921949,-0.78945637,0.0655643,-1.8760279,0.51537167,0.32885109,0.056517521,-0.11429867,0.14984634,-0.29823995,0.14810745,0.12111176,0.2500861,0.095472726,0.085728872,0.23707743,0.23194329,-0.16908967,-0.24311273,-0.056994679,-0.12957051,-0.065985679,-0.70427279,0.050299991,0.35466824,0.44024462,0.17710223,-0.055025127,0.079772806,-0.43839292,-0.066536639,-1.1416821,0.46089225,0.66592484,0.46010144,-1.1954511,-1.4157814,-0.063109194,-0.33927576,-0.15420357,0.073913612,-0.10523533,0.022600537,0.045539422,-0.5126889,-2.6821079,-0.49207764,-0.49424214,-2.3560514,-1.8216533,-2.0230047,-0.57272694,0.29972832,0.10552777,0.646921,0.12466075,0.34221043,-1.062327,0.068310311,0.22978384,0.062374003,0.28938847,-0.074208027,-0.095191268,-1.2433982,0.010379663,-0.096544735,0.29011194,0.31411425,-0.10464628,-0.72507968,0.16339244,0.42626157,-0.086011057,0.052644778,-0.90334554,-0.3258332,-0.10398274,0.24181679,-1.1217856
-48.551372,1,2.2911677e-06,12,4095,0,49.511186,0.23755963,1.4975184,0.15211042,0.46385014,0.5,-0.32287842,0.019531505,-0.1923629,-0.19348221,0.32552827,0.065773037,0.41831351,0.44301778,0.10295533,-0.16327515,-0.2798,-0.45410897,0.13065352,0.42007784,0.27217856,-1.7830002,-0.44733227,0.092112087,-0.013159998,0.37395534,-1.4917105,0.40083568,0.48990291,0.37983834,0.47372448,-0.06397713,0.19271264,0.40306679,-0.10628551,0.095237149,-0.06549586,-0.37930583,0.41958505,-0.50228856,0.05309005,-0.39167328,-0.6250405,-0.4137067,-1.1976263,-0.3310573,-0.63570404,-0.3136761,-1.080149,-2.0590628,-2.3245336,0.029041377,-0.12622688,-0.031759709,0.046686087,0.047857702,-0.14053215,-0.083636625,0.24827264,-0.17372611,-0.29148422,-0.83883967,-0.54710366,0.081165396,0.085737681,-0.46655383,-0.28237696,0.073228448,0.18086398,-0.02533551,-0.16060152,0.28465248,0.41986094,0.25493107,0.37613825,0.097264175,-0.5068003,0.10558816,-0.10410833,-0.1672055,0.21840024,-0.20662224,0.29212566,0.067684299,-1.2211384,-0.39270807,0.61315875,-0.12801231,0.31312313,0.29798439,0.47809397,-0.046631961,-0.02016896,-0.40982971,0.16043728,0.3701252,-0.06503744,0.21873291,-0.2802833,0.35726509,0.070012353,0.13204106,0.18104085,0.38887034,0.21678046,0.1893876,0.20752,0.052458481,-0.13914355,-0.042346779,0.17885593,0.4491097,-0.042857406,0.42926483,0.32437396,0.080111854,0.20013643,-0.30171491,-0.57434426,-0.13042095,0.460481,-0.19722601,0.23228656,-0.13072839,-2.8662626,0.29034752,0.06761106,0.044257604,0.23377786,0.35945623,0.37767207,0.20280165,0.32301846,-0.20837804,0.2197684,0.14241228,-0.16273228,-0.51181379,0.10374915,-0.22434721,-0.18064237,-0.12880736,-0.35751056,0.072184906,-0.438706,-0.028747846,-0.24602768,-0.66001504,-0.46795211,-0.27318016,-0.57431579,0.12024996,-0.14115657,-0.18064608,-0.31565744,0.048210748,0.36056618,0.19930594,0.18101435,0.40084999,-0.14251473,0.19342799,0.22802643,-0.49271326,0.18401548,-0.081987302,-0.470531,-0.088374674,0.17497906,0.022187077,-0.21897706,-0.21697318,-0.15074808,-0.34393454,-0.65919915,-0.66354437,0.3604023,-0.19107273,-0.11819567,-0.18953512,0.13422072,-0.21563593,-2.6307519,-0.14008858,-0.80982355,-0.21101015,-0.90909938,0.30129483,-0.95978498,0.094397969,-0.050756248,-0.72173683,0.063313133,0.078090264,-0.26046007,0.27533578,0.23730676,-0.13289352,0.11987651,-0.0001084841,-0.2016337,-0.55298024,0.18817725,-0.45764156,-0.19351447,-0.20720445,0.36962524,0.14922669,-0.35094182,0.33836973,0.022352639,0.42542995,-0.094629485,0.35920237,-1.0762272,-0.20541444,0.13044351,0.088603714,0.36393643,-0.79768844,0.065870477,-1.8940422,0.52354149,0.3364286,0.058625552,-0.11331144,0.15495659,-0.29810917,0.15442212,0.12540564,0.2551734,0.099258341,0.090103582,0.24243796,0.23340448,-0.16769804,-0.24197773,-0.054877812,-0.12917366,-0.066540558,-0.71083488,0.050162482,0.35960639,0.44577318,0.17819143,-0.056988308,0.079033102,-0.43978128,-0.069692637,-1.1498,0.46328807,0.67187093,0.46381188,-1.2061753,-1.4327625,-0.055114902,-0.34541587,-0.15739958,0.074043316,-0.10653518,0.021811121,0.04569415,-0.51960141,-2.7122983,-0.49753008,-0.49928529,-2.3813654,-1.8421879,-2.0452705,-0.57681053,0.30218688,0.1048714,0.65404984,0.1232592,0.34440484,-1.0763034,0.066288505,0.22925898,0.060994269,0.29154895,-0.0729613,-0.09547567,-1.2556542,0.011141612,-0.097714329,0.29302499,0.31861478,-0.10606692,-0.73246577,0.16531398,0.43136111,-0.084486049,0.051592419,-0.90973223,-0.32685059,-0.10323134,0.24328154,-1.1310289
-48.930819,1,2.2911677e-06,12,4095,0,51.487507,0.24077054,1.4961882,0.15158516,0.46013064,0.5,-0.32466432,0.018376348,-0.19060271,-0.19609007,0.32514004,0.064188179,0.41871555,0.44352092,0.10236427,-0.16416947,-0.28070379,-0.45537876,0.13033353,0.42101882,0.27237447,-1.7866193,-0.44918352,0.091510636,-0.013908449,0.37326431,-1.4946426,0.40130136,0.49140936,0.38016892,0.47503405,-0.064862985,0.19204978,0.40356227,-0.10775411,0.093282777,-0.066552846,-0.38140911,0.41964044,-0.50419051,0.050919391,-0.39315666,-0.6265012,-0.41672497,-1.20029,-0.33220491,-0.63768646,-0.315886,-1.0831878,-2.0643746,-2.3298832,0.028635701,-0.1268772,-0.032266906,0.045738,0.047440665,-0.14200881,-0.084381741,0.24673071,-0.17681852,-0.29513806,-0.84033435,-0.54801108,0.079194216,0.084565805,-0.46896615,-0.28381705,0.072733636,0.17977007,-0.02676694,-0.16206364,0.28330286,0.42092696,0.25563725,0.37718776,0.096847172,-0.51013403,0.10330349,-0.10581848,-0.16811421,0.21775346,-0.20839349,0.29172604,0.066505893,-1.224646,-0.39456557,0.61355169,-0.1300028,0.31268843,0.29711975,0.47833393,-0.048027354,-0.021024106,-0.41221761,0.16020931,0.37102092,-0.06551316,0.21903082,-0.27784947,0.35899472,0.067440147,0.13057041,0.17926306,0.38830832,0.21525599,0.18750942,0.20555918,0.050133214,-0.13815836,-0.043377447,0.17840344,0.44928711,-0.043881648,0.42910374,0.32379732,0.078172123,0.19784954,-0.30247762,-0.57484113,-0.12992495,0.45955184,-0.20028431,0.22979878,-0.13303762,-2.8729101,0.28955918,0.066418296,0.042989978,0.2328013,0.3586545,0.37680496,0.20146076,0.32476311,-0.21088319,0.22007915,0.14028505,-0.16213002,-0.51245845,0.1047769,-0.22375418,-0.18456826,-0.13191393,-0.35804462,0.069896944,-0.43964301,-0.029974564,-0.24758778,-0.66232497,-0.4691112,-0.27366328,-0.57523161,0.12063546,-0.14134873,-0.18101079,-0.31638608,0.047228547,0.36076573,0.19835951,0.18062758,0.40148593,-0.14397083,0.19324039,0.22821307,-0.49491427,0.1835045,-0.08298654,-0.47354084,-0.08946724,0.17358178,0.020832107,-0.21968,-0.21872562,-0.15277844,-0.34607635,-0.66136491,-0.66637749,0.35968091,-0.19275965,-0.11997085,-0.19037751,0.13337769,-0.2166041,-2.6360582,-0.14059983,-0.81400448,-0.21309259,-0.9112835,0.3014584,-0.96222878,0.093627509,-0.051121399,-0.72450896,0.061427124,0.075997237,-0.26203226,0.27553282,0.23645794,-0.13477525,0.1195092,-0.0013346361,-0.2030889,-0.55535009,0.18675375,-0.46047158,-0.19576868,-0.20827796,0.36913455,0.14860368,-0.35354811,0.3384511,0.021071475,0.42471272,-0.0967437,0.35811906,-1.0786296,-0.20632191,0.12784901,0.088133345,0.36354493,-0.8007559,0.065113695,-1.8996352,0.52429208,0.33622578,0.057703013,-0.11551503,0.15285188,-0.30160974,0.15199045,0.12386075,0.2545132,0.097365291,0.087724872,0.24132415,0.2336532,-0.17049543,-0.24533026,-0.056831687,-0.13079549,-0.067856767,-0.71442327,0.050549594,0.35995794,0.44678893,0.17850269,-0.057171019,0.079041308,-0.44321978,-0.069968751,-1.1549935,0.46413057,0.67357589,0.46377235,-1.2091542,-1.436876,-0.053811074,-0.34676767,-0.1588944,0.072683904,-0.10832847,0.021158843,0.044759958,-0.52094318,-2.7180107,-0.49943161,-0.50125918,-2.386658,-1.8456869,-2.0493961,-0.5808216,0.30292663,0.10538131,0.65665359,0.12371088,0.34462592,-1.0787924,0.066186556,0.22948484,0.060180094,0.29079284,-0.073918977,-0.095398932,-1.2613495,0.0088626919,-0.099663426,0.29210812,0.31697109,-0.10814153,-0.7364104,0.16365656,0.43075509,-0.085458472,0.050736577,-0.91309847,-0.32843618,-0.10412408,0.24291279,-1.1347922
-48.739541,1,2.2911677e-06,12,4095,0,50.607825,0.24051118,1.4926996,0.1522254,0.46081369,0.5,-0.324924,0.019747604,-0.18594396,-0.19498006,0.32814283,0.065990879,0.42298368,0.44716963,0.10361681,-0.1635917,-0.28109369,-0.45687135,0.13139554,0.42520176,0.27496439,-1.7940884,-0.45015968,0.092790428,-0.013353618,0.37642672,-1.5006673,0.40494376,0.49515803,0.38357797,0.47857877,-0.063896815,0.19462535,0.40791301,-0.106287,0.094964163,-0.065086089,-0.38113228,0.42211286,-0.5047176,0.052474159,-0.39332736,-0.62819848,-0.41708,-1.2046689,-0.33273754,-0.63973112,-0.31592572,-1.0871822,-2.0723013,-2.3393919,0.029432281,-0.12699223,-0.032061944,0.047598613,0.048927013,-0.14095653,-0.083460695,0.24954022,-0.17565022,-0.29416048,-0.84412968,-0.55061698,0.081853689,0.08590952,-0.46921885,-0.28362943,0.074328848,0.18247836,-0.025734834,-0.16189427,0.28630668,0.42379663,0.25730505,0.37931542,0.098115689,-0.5104377,0.10630528,-0.10444827,-0.1685115,0.22061115,-0.20740271,0.29564441,0.069215154,-1.2279145,-0.39390375,0.61706094,-0.13014869,0.31425492,0.29898108,0.48075359,-0.047874261,-0.019161657,-0.41353524,0.16280866,0.3750525,-0.064014457,0.22203707,-0.27310252,0.36201462,0.069035496,0.13190577,0.18115052,0.39080045,0.21718595,0.18956899,0.20791839,0.051848491,-0.13389624,-0.043167579,0.17937054,0.45141147,-0.044304599,0.43083404,0.32492027,0.078686184,0.19938302,-0.30146503,-0.57574368,-0.1291717,0.46277952,-0.20002212,0.23253403,-0.13261423,-2.8856206,0.29144891,0.067034416,0.04337464,0.23400575,0.36042426,0.37862022,0.20237223,0.32880084,-0.21156903,0.22405726,0.14151692,-0.16145291,-0.51305127,0.10665166,-0.22380848,-0.18363388,-0.13105884,-0.35843598,0.07167575,-0.44042781,-0.029439826,-0.24818747,-0.66493499,-0.46988794,-0.2738145,-0.57700059,0.12201182,-0.14133282,-0.18125506,-0.31731564,0.048679973,0.36365347,0.20094357,0.18276806,0.40465467,-0.14309144,0.1954523,0.23036136,-0.49624773,0.18516314,-0.082128479,-0.47414291,-0.088634312,0.17600607,0.022229705,-0.2199951,-0.21847567,-0.15180016,-0.34641502,-0.66349628,-0.66804346,0.36364849,-0.19248138,-0.11885004,-0.1907559,0.13501963,-0.21698688,-2.6479186,-0.14103553,-0.81517205,-0.21197065,-0.91536462,0.30295423,-0.96667544,0.096156217,-0.049795022,-0.72729448,0.062802486,0.077812515,-0.26167777,0.27811556,0.23861884,-0.13346694,0.12045303,0.00043084257,-0.20343433,-0.55701988,0.18990548,-0.4603334,-0.19425881,-0.2075337,0.37159782,0.149594,-0.35254009,0.33997849,0.021547921,0.42768124,-0.096181735,0.36125953,-1.0825254,-0.20599349,0.13041105,0.089871203,0.36643713,-0.80325928,0.066175465,-1.9062383,0.5282787,0.34020738,0.059566042,-0.11401732,0.15610382,-0.30036185,0.15576682,0.12672055,0.25760047,0.10004417,0.090702983,0.24456811,0.23512636,-0.16876012,-0.24365192,-0.054862275,-0.12961392,-0.067122697,-0.71613721,0.051309815,0.36287095,0.44985453,0.17980789,-0.0571581,0.079578599,-0.44265004,-0.070463906,-1.1572376,0.46595336,0.67666765,0.46621507,-1.2127716,-1.4431503,-0.049997155,-0.3484841,-0.15930198,0.073726597,-0.10787739,0.021731883,0.045771776,-0.52301541,-2.7299999,-0.50081057,-0.50245129,-2.3965287,-1.8536033,-2.0580232,-0.58139576,0.30478019,0.10590975,0.6600656,0.12392729,0.34641842,-1.0838778,0.066181487,0.23011205,0.060517601,0.29266146,-0.072426682,-0.094678908,-1.2653895,0.010266325,-0.099139887,0.29430986,0.3199003,-0.10771624,-0.73845508,0.16550632,0.43380856,-0.083841469,0.051217752,-0.91475146,-0.32788078,-0.10285525,0.24444614,-1.1376763
-48.663688,1,2.2911677e-06,12,4095,0,50.632159,0.23945577,1.4878095,0.15175708,0.4627382,0.5,-0.32836604,0.018629289,-0.17952437,-0.19621574,0.32957706,0.065620414,0.42726429,0.44990114,0.10220424,-0.16596532,-0.28491292,-0.46226658,0.12963049,0.4291924,0.27554312,-1.8079099,-0.45465776,0.091422088,-0.015795361,0.37824802,-1.5124746,0.40758752,0.49811203,0.38571581,0.48101771,-0.065685985,0.19531074,0.41237643,-0.10721743,0.09448749,-0.066093688,-0.38372586,0.42257429,-0.50854653,0.051844547,-0.39670607,-0.63385381,-0.42041299,-1.2140766,-0.33671865,-0.64579813,-0.31895316,-1.0959391,-2.086461,-2.3558988,0.027286441,-0.13046289,-0.035087504,0.047182673,0.047834819,-0.14250337,-0.085347619,0.25080732,-0.17669566,-0.29539179,-0.85293528,-0.55778099,0.082880912,0.08475569,-0.47253506,-0.28647787,0.073420686,0.18345761,-0.027310877,-0.16476241,0.2878902,0.42479983,0.25627869,0.37898489,0.096692731,-0.51364181,0.10794882,-0.10547101,-0.17235493,0.22177025,-0.20899054,0.2988173,0.070154208,-1.2355273,-0.39599577,0.61981394,-0.13339451,0.31328386,0.29857453,0.48110409,-0.050797099,-0.019610591,-0.41844291,0.16343233,0.37848597,-0.065094173,0.22326923,-0.26701847,0.36313144,0.068549885,0.13079652,0.18096298,0.39140045,0.21701748,0.18967287,0.20851701,0.051493665,-0.12905043,-0.046077664,0.17747351,0.45124587,-0.048206747,0.43005835,0.3232492,0.07640067,0.19874149,-0.30325553,-0.5804253,-0.13156848,0.4648522,-0.20242212,0.23385211,-0.13492796,-2.9066437,0.29107284,0.064761954,0.040761992,0.23257538,0.3598498,0.37813121,0.20055551,0.33201871,-0.21552703,0.22710981,0.14037749,-0.16398786,-0.51723934,0.1058689,-0.22743271,-0.18485268,-0.13256081,-0.36233302,0.071411929,-0.44482889,-0.031813946,-0.25219508,-0.67179108,-0.47423302,-0.27736218,-0.58287475,0.12059298,-0.14469421,-0.18497227,-0.3219835,0.047650513,0.3647999,0.20170148,0.1827008,0.40628835,-0.14489877,0.19546167,0.23020376,-0.50120803,0.18436394,-0.08405702,-0.47784683,-0.090581543,0.17658722,0.021192213,-0.22374683,-0.22116264,-0.15334317,-0.3499013,-0.66965414,-0.67336952,0.36711548,-0.19513905,-0.12023029,-0.19457979,0.13425932,-0.2207878,-2.6679561,-0.14502515,-0.81951528,-0.21330256,-0.92445507,0.30175366,-0.97626867,0.096744774,-0.051151844,-0.73431274,0.06184168,0.077566341,-0.26424951,0.27868375,0.23868717,-0.13455023,0.11851482,-8.1772796e-05,-0.20708131,-0.56244819,0.19168662,-0.46299173,-0.19498444,-0.20962833,0.37212894,0.14777429,-0.35396372,0.33883797,0.019087126,0.42918507,-0.098327018,0.36309563,-1.0912655,-0.2087372,0.13143201,0.089178719,0.36770008,-0.80978561,0.064504585,-1.9183817,0.53207026,0.34358244,0.059151079,-0.11475049,0.15815735,-0.30123564,0.15879105,0.12800286,0.25917984,0.1010953,0.092318127,0.24649556,0.23388128,-0.16903614,-0.24391859,-0.054935045,-0.13093791,-0.069172389,-0.72138088,0.048945451,0.36403515,0.45126867,0.17829058,-0.060540161,0.076939917,-0.44455393,-0.074617271,-1.1630065,0.46514041,0.6783199,0.46665398,-1.2209965,-1.455105,0.65239684,-0.35423926,-0.16304545,0.072147934,-0.11025558,0.019293271,0.044061613,-0.52927103,-2.750137,-0.50590076,-0.50724662,-2.413587,-1.8681196,-2.0734671,-0.58486415,0.30404765,0.10315,0.66241957,0.12067804,0.34568624,-1.0944221,0.062713337,0.22751954,0.057735994,0.29224583,-0.073418227,-0.097036664,-1.273671,0.009426386,-0.10137685,0.29446759,0.32143012,-0.11007559,-0.74411569,0.16523499,0.43545871,-0.084647897,0.048671709,-0.9199902,-0.33016664,-0.10419676,0.24341817,-1.1446584
-48.622641,0.92153725,2.2911677e-06,12,4095,0,50.433891,0.23934131,1.4896039,0.1516543,0.46051765,0.5,-0.32770413,0.018440108,-0.18189563,-0.19616307,0.3285008,0.065250667,0.42538791,0.4483857,0.10203043,-0.16578282,-0.28425412,-0.46103763,0.12953065,0.42732271,0.27463746,-1.8035655,-0.45363873,0.091235439,-0.015612851,0.37710702,-1.5088918,0.40608762,0.4964415,0.38436005,0.4794889,-0.065695644,0.19448226,0.41044379,-0.10742768,0.09420554,-0.066335821,-0.3833011,0.42173363,-0.50774267,0.051641749,-0.39610965,-0.63250968,-0.4196104,-1.211323,-0.33597086,-0.64424434,-0.31836725,-1.0933469,-2.0817616,-2.3504199,0.027323604,-0.1299579,-0.034750352,0.046736595,0.047532657,-0.14250914,-0.085345495,0.24992555,-0.17663536,-0.29519322,-0.85055519,-0.55602894,0.082116164,0.084581237,-0.47182735,-0.28606175,0.073070123,0.18259623,-0.027311734,-0.16433618,0.28689171,0.42367141,0.25579921,0.37824556,0.096497806,-0.51283855,0.10703609,-0.1056156,-0.17169083,0.22079648,-0.20894279,0.29725415,0.06930517,-1.2332512,-0.39577599,0.61835258,-0.13277212,0.31294312,0.29811813,0.4802744,-0.050366742,-0.020062784,-0.41721496,0.16256054,0.37673098,-0.0653954,0.22214699,-0.26944715,0.36187709,0.068356716,0.13064804,0.18056353,0.39059813,0.21657724,0.18919537,0.20789574,0.051222991,-0.13104435,-0.045703424,0.17743179,0.45057488,-0.047517352,0.4296158,0.32314373,0.076696122,0.19855755,-0.30329081,-0.57954238,-0.13157678,0.46368548,-0.20192118,0.23308091,-0.13456334,-2.8994935,0.29059562,0.064948668,0.041069114,0.23245595,0.35943477,0.37769837,0.20060989,0.33020261,-0.21459977,0.22547187,0.14033048,-0.16396614,-0.51649712,0.10526476,-0.22705145,-0.18461567,-0.13234781,-0.36170011,0.071106317,-0.44397213,-0.031585919,-0.2513834,-0.66993405,-0.47336316,-0.27685178,-0.58153647,0.1202839,-0.14428824,-0.18442516,-0.3210718,0.047408692,0.36373507,0.20089048,0.18206959,0.40503585,-0.1448216,0.19477914,0.22952346,-0.49998698,0.18398213,-0.084004648,-0.47692322,-0.090509679,0.17589165,0.021005071,-0.22313974,-0.220754,-0.15327093,-0.34917338,-0.6680434,-0.67193644,0.36553622,-0.19474942,-0.12024744,-0.19393071,0.13391151,-0.22012724,-2.6613243,-0.14437174,-0.81822011,-0.21329508,-0.92188244,0.3014026,-0.97349565,0.095952885,-0.051377821,-0.73233401,0.061705557,0.077228516,-0.26390478,0.27778179,0.23807939,-0.13465035,0.11847697,-0.00045871344,-0.20640219,-0.56104918,0.19062585,-0.46244225,-0.19515286,-0.20951262,0.37133674,0.14773332,-0.35385646,0.33847769,0.019349553,0.4281445,-0.098044775,0.36199858,-1.0887693,-0.20843064,0.13076088,0.088756093,0.36667838,-0.80792402,0.064437384,-1.9143095,0.53030464,0.34195771,0.058701552,-0.11491929,0.1571011,-0.30117921,0.15749001,0.12710345,0.25808702,0.10031451,0.091425851,0.24535823,0.23353401,-0.16927429,-0.24408432,-0.05535533,-0.13099618,-0.069035293,-0.71986682,0.048940791,0.3629452,0.45003661,0.17802215,-0.060132688,0.077075223,-0.44416874,-0.0739499,-1.1611018,0.46457353,0.67698612,0.4658347,-1.2185908,-1.4513091,0.65065782,-0.35289033,-0.16233176,0.072136107,-0.10994319,0.019459681,0.044032542,-0.52775104,-2.743412,-0.50468017,-0.50611232,-2.4079351,-1.8635643,-2.068515,-0.58387647,0.30347211,0.10325224,0.66081695,0.12094167,0.34518174,-1.0913308,0.063127864,0.2275987,0.058033318,0.29177765,-0.073679999,-0.096998028,-1.2708533,0.0093064884,-0.10108815,0.29384359,0.32049055,-0.1097289,-0.74241263,0.16484569,0.4343637,-0.084969081,0.048899977,-0.91851749,-0.32991745,-0.10435315,0.24308795,-1.1425517
-48.47309,0.7560169,2.2911677e-06,12,4095,0,52.090662,0.23856755,1.5028526,0.15174079,0.46138395,0.5,-0.32121369,0.018719549,-0.19949251,-0.19413794,0.32212305,0.064190331,0.41246837,0.43848484,0.10244,-0.16277703,-0.27776591,-0.45039126,0.1304977,0.41449324,0.26959677,-1.7702691,-0.44454425,0.091549045,-0.012588853,0.37019674,-1.4811355,0.39634956,0.4852537,0.37579158,0.46948954,-0.064094229,0.19001854,0.39706488,-0.10730703,0.093786105,-0.066443168,-0.37854936,0.41715819,-0.50022416,0.051801755,-0.39009599,-0.62104299,-0.41211814,-1.1896081,-0.32884046,-0.63125105,-0.31243978,-1.0728087,-2.0459194,-2.3088966,0.029287886,-0.12457249,-0.030582625,0.045126164,0.046994448,-0.14089214,-0.083655994,0.24502446,-0.17456333,-0.29211812,-0.83150437,-0.54153363,0.078121422,0.084972136,-0.46501791,-0.281361,0.072173809,0.17787698,-0.025653905,-0.15955243,0.28109658,0.41690106,0.25397745,0.37447679,0.096754135,-0.50534867,0.10192247,-0.10501894,-0.16514518,0.2152308,-0.20693837,0.28706411,0.064703652,-1.215029,-0.39251042,0.60873275,-0.12654721,0.31214064,0.29643501,0.4757821,-0.045531193,-0.021711478,-0.40658905,0.15778872,0.36494347,-0.065926218,0.2154775,-0.28727067,0.35417285,0.068581514,0.13123122,0.17928004,0.38630332,0.21499619,0.18732834,0.20495243,0.050879979,-0.14521559,-0.04127408,0.17883722,0.44730178,-0.040750554,0.42807131,0.32410786,0.080551926,0.19886768,-0.30186977,-0.5714248,-0.12994357,0.45652223,-0.19662163,0.22899577,-0.13024343,-2.8457969,0.28875871,0.06801096,0.045017164,0.23328302,0.35807177,0.37620166,0.20271857,0.31800774,-0.20614917,0.21477711,0.14165416,-0.16211232,-0.5094081,0.10252174,-0.22256756,-0.18126519,-0.12915599,-0.35540345,0.070506929,-0.43605002,-0.028236949,-0.24377649,-0.65471913,-0.46535074,-0.27144473,-0.57009868,0.11971305,-0.13962731,-0.17873457,-0.31272671,0.047303941,0.35745141,0.19654934,0.17909003,0.39728479,-0.14259692,0.19141995,0.22618677,-0.48942214,0.1828572,-0.081951146,-0.46854927,-0.088315233,0.17240905,0.021295924,-0.21701968,-0.21611014,-0.15109265,-0.34220791,-0.65463926,-0.65984621,0.35513276,-0.19024159,-0.11871912,-0.18749876,0.13302956,-0.21361795,-2.6113749,-0.13789072,-0.80715572,-0.21158982,-0.90143934,0.30053482,-0.95158721,0.091779832,-0.05135434,-0.71624481,0.062364173,0.076393906,-0.25972832,0.27276798,0.23526126,-0.13373133,0.11990133,-0.001562823,-0.19976288,-0.54918859,0.18438798,-0.45679285,-0.19473544,-0.2070003,0.36712354,0.14913457,-0.35142456,0.33754534,0.022960165,0.42199621,-0.094323707,0.35542398,-1.0689237,-0.20451932,0.1274401,0.087326842,0.36070885,-0.79271162,0.065628531,-1.8830414,0.51821146,0.33123153,0.057065573,-0.11450927,0.15089184,-0.2991363,0.14939707,0.12210149,0.25160051,0.096197346,0.086467256,0.23852168,0.2326877,-0.16937721,-0.24366065,-0.056787005,-0.12976593,-0.06636378,-0.70720036,0.050614555,0.35647245,0.44243773,0.17775743,-0.055444313,0.079782898,-0.43972391,-0.067340394,-1.1456061,0.46211536,0.66845547,0.4614153,-1.1994196,-1.4219948,-0.060145979,-0.34133046,-0.15542856,0.07372538,-0.10599551,0.022372974,0.045499422,-0.51497372,-2.6928003,-0.49411361,-0.49618018,-2.3651486,-1.8287249,-2.030802,-0.57505414,0.30093308,0.10573092,0.65008123,0.12462539,0.34316678,-1.0670983,0.067905009,0.22993524,0.061921335,0.29000796,-0.073929511,-0.095025908,-1.2487261,0.010074211,-0.097316899,0.2908991,0.31512749,-0.10553458,-0.72837172,0.16363935,0.42779104,-0.085653712,0.052272943,-0.90614532,-0.32643787,-0.10382886,0.24235621,-1.1255702
-48.605087,1,2.2911677e-06,12,4095,0,48.912103,0.23896722,1.5014406,0.15166378,0.45900267,0.5,-0.3220305,0.018558709,-0.19759957,-0.19461275,0.32268127,0.064114021,0.41375068,0.4394793,0.10232383,-0.16317129,-0.278493,-0.45155154,0.13035547,0.41582109,0.2700844,-1.7738223,-0.44561551,0.091440963,-0.012970806,0.37077637,-1.4840914,0.39732356,0.48647766,0.37663675,0.47057579,-0.064353857,0.19036282,0.39840175,-0.10748449,0.093610917,-0.066556954,-0.37923248,0.41758726,-0.50115011,0.051548997,-0.3908362,-0.62229987,-0.41315564,-1.1919621,-0.32965317,-0.63270693,-0.31324625,-1.0750896,-2.0498861,-2.3134077,0.029041913,-0.12516951,-0.031049315,0.045167417,0.046986949,-0.141213,-0.083909587,0.24532209,-0.17509201,-0.29279939,-0.8334873,-0.54302385,0.078287171,0.08479892,-0.46592849,-0.28197218,0.072192477,0.17820216,-0.025974498,-0.16017421,0.28150049,0.41764579,0.25420682,0.37492863,0.096670405,-0.50641755,0.10216432,-0.10526639,-0.16587889,0.21568321,-0.20732617,0.28799257,0.065008322,-1.2171361,-0.39302684,0.60969191,-0.12736085,0.31215566,0.29649114,0.47622193,-0.046152021,-0.021657168,-0.40786165,0.15820695,0.36616218,-0.065940041,0.21613292,-0.28529115,0.35507541,0.0682812,0.13100834,0.17920489,0.38664203,0.21497538,0.18729911,0.20501831,0.05065934,-0.14374506,-0.041819109,0.17863908,0.44761704,-0.041518546,0.42818519,0.32393845,0.079968355,0.19858786,-0.30209868,-0.57226417,-0.13006487,0.45710314,-0.1974554,0.22911799,-0.13090787,-2.8515995,0.28883698,0.067579209,0.044493182,0.23308643,0.35810294,0.376239,0.20236208,0.31935162,-0.20722783,0.2158262,0.14129336,-0.16224359,-0.51016444,0.10287288,-0.22295061,-0.18200118,-0.12979378,-0.35607356,0.070314302,-0.43691585,-0.02869899,-0.24467794,-0.65642067,-0.46624773,-0.27202534,-0.57129729,0.1197904,-0.1401079,-0.17933089,-0.31361279,0.047197593,0.35806052,0.19685323,0.17931959,0.39808129,-0.14297377,0.19170624,0.22650898,-0.49066917,0.18289592,-0.08226532,-0.46966966,-0.088652329,0.17258422,0.021113574,-0.21769144,-0.2167479,-0.15152356,-0.34310605,-0.6561526,-0.66130203,0.35605131,-0.19085982,-0.11906197,-0.18821485,0.13301137,-0.21435399,-2.6166842,-0.13857803,-0.80865059,-0.21198072,-0.90362518,0.30061715,-0.95393919,0.092084882,-0.051410209,-0.71807601,0.062092486,0.076244098,-0.26030265,0.27325332,0.23542815,-0.13402659,0.11971038,-0.0015982682,-0.20056116,-0.55057626,0.18482663,-0.45763501,-0.19502065,-0.20736529,0.36746164,0.14891964,-0.35193755,0.33762516,0.022467593,0.42249953,-0.094910873,0.355931,-1.0710733,-0.20500088,0.12747785,0.087399363,0.36122713,-0.79448882,0.065420582,-1.8866014,0.51944972,0.3322337,0.057111854,-0.11478871,0.15125836,-0.29970325,0.14991298,0.12240793,0.25214115,0.096383219,0.086684758,0.23905016,0.23277675,-0.16966812,-0.24405827,-0.056865251,-0.1300647,-0.066769456,-0.7087879,0.05047717,0.3571153,0.44325847,0.17779737,-0.055927415,0.079507744,-0.4405134,-0.068016688,-1.1476252,0.46241955,0.66944079,0.46181974,-1.2015632,-1.4252207,-0.058858872,-0.34258752,-0.15625647,0.073417961,-0.10657167,0.02201105,0.045247127,-0.51634454,-2.6982138,-0.49533036,-0.49734373,-2.3697744,-1.8324128,-2.0348267,-0.5763187,0.30123481,0.10552869,0.65137534,0.12430171,0.34336542,-1.069676,0.067420665,0.22971671,0.061449661,0.29008362,-0.074019474,-0.095222812,-1.2514277,0.0097522526,-0.097891992,0.29107142,0.31545988,-0.10616279,-0.73012656,0.16356934,0.42834708,-0.085703503,0.051846178,-0.90768142,-0.32694694,-0.10398591,0.24237131,-1.127585
-48.502828,1,2.2911677e-06,12,4095,0,49.064195,0.23852626,1.5041632,0.15160711,0.45727595,0.5,-0.32090808,0.018420979,-0.20124448,-0.19428305,0.32119832,0.063755931,0.41100227,0.43726613,0.10216083,-0.16280537,-0.27745075,-0.44967029,0.13027578,0.41303738,0.26880046,-1.7673406,-0.44398252,0.091260339,-0.012613251,0.36922366,-1.4787458,0.39513881,0.48394312,0.37467905,0.46827253,-0.064260357,0.18926551,0.39556117,-0.10762711,0.093411178,-0.066780425,-0.37842112,0.41640962,-0.49982023,0.051480951,-0.38983533,-0.62024351,-0.41172758,-1.1878113,-0.32846471,-0.63030627,-0.31219448,-1.0711316,-2.0427596,-2.3051763,0.029163053,-0.12436357,-0.030492343,0.044644017,0.046623622,-0.14106432,-0.083812121,0.24422313,-0.17470864,-0.29217244,-0.82995867,-0.54043146,0.077395499,0.084684916,-0.4646896,-0.28122868,0.071767316,0.17709443,-0.025819984,-0.15941116,0.28021457,0.41595953,0.25349501,0.37381257,0.09646178,-0.50496351,0.10108579,-0.1052943,-0.16482496,0.21437363,-0.20707662,0.28579332,0.063926209,-1.2135901,-0.39252861,0.60755963,-0.12627022,0.31174461,0.29595007,0.47504456,-0.045384798,-0.022198174,-0.40588225,0.15700903,0.36356017,-0.066299167,0.21452508,-0.2890674,0.35314787,0.06826302,0.13095981,0.17882357,0.38557425,0.21451382,0.18681415,0.20433338,0.05050803,-0.14673734,-0.041163594,0.17865604,0.44667668,-0.040412731,0.42760584,0.32387953,0.080595038,0.19856097,-0.30205783,-0.57094711,-0.13009246,0.45553105,-0.19644671,0.22826223,-0.13015687,-2.84089,0.28825975,0.067984892,0.045076942,0.23303959,0.35761801,0.37573437,0.20259587,0.31658861,-0.20565898,0.21345797,0.14144808,-0.16223869,-0.50903338,0.10195075,-0.22243406,-0.1812926,-0.12918949,-0.35510383,0.070110501,-0.43559444,-0.028234441,-0.24335835,-0.6535593,-0.46488897,-0.27123189,-0.56929587,0.11934829,-0.13948458,-0.17849233,-0.31222685,0.046969726,0.356543,0.19580547,0.17848306,0.39624955,-0.14270856,0.19077854,0.22555228,-0.4887191,0.18242938,-0.082074006,-0.4680718,-0.088425231,0.17174262,0.020996373,-0.21673867,-0.2159861,-0.15121529,-0.3418593,-0.65365598,-0.65900024,0.35385108,-0.1901301,-0.11890295,-0.18718875,0.13262155,-0.2133015,-2.6068235,-0.13757302,-0.80643016,-0.21176145,-0.89976378,0.30013867,-0.94977075,0.091049718,-0.051670792,-0.71500361,0.062095524,0.075976508,-0.25964924,0.27197436,0.23466643,-0.13397721,0.11972361,-0.0019991301,-0.19943892,-0.54835961,0.18345745,-0.45658491,-0.19503711,-0.20708032,0.36640226,0.14895162,-0.35153346,0.33714177,0.02298724,0.42109571,-0.094294032,0.35447695,-1.0673082,-0.20445857,0.12677537,0.086868492,0.35982421,-0.79155997,0.065424142,-1.8803376,0.51683187,0.32992288,0.056581465,-0.11480884,0.14995502,-0.29929247,0.14828033,0.1212843,0.25065848,0.095461099,0.085643715,0.23754172,0.23229491,-0.16973606,-0.24397558,-0.057265218,-0.12997791,-0.066428908,-0.706306,0.050469556,0.35554793,0.44142301,0.1774219,-0.055299442,0.079734602,-0.43964296,-0.067009326,-1.1444577,0.46157306,0.66738667,0.46068155,-1.1978796,-1.4194648,-0.061494446,-0.34052298,-0.15507967,0.073553605,-0.10594009,0.022338528,0.045320185,-0.51404398,-2.6881875,-0.49340718,-0.49553723,-2.361303,-1.825643,-2.0274436,-0.57454498,0.30038216,0.10566512,0.64883948,0.1246752,0.34266096,-1.0650539,0.068056532,0.22984959,0.061979605,0.28951576,-0.074279976,-0.095145315,-1.2469222,0.0098116136,-0.097280519,0.29029246,0.31428504,-0.10545789,-0.72734509,0.16319145,0.42685338,-0.086047866,0.052280875,-0.90528246,-0.32642974,-0.10410247,0.24196814,-1.124256
-48.596923,1,2.2911677e-06,12,4095,0,49.590029,0.23939454,1.5027997,0.15153862,0.45983869,0.5,-0.3216794,0.018281558,-0.19941461,-0.19492125,0.32175124,0.063609678,0.41220998,0.43829333,0.10215393,-0.16308589,-0.27799894,-0.4506274,0.13029516,0.41437679,0.26940342,-1.7706149,-0.44496853,0.091258027,-0.012858768,0.36973708,-1.4814245,0.39614794,0.48531102,0.3755718,0.46950994,-0.064432065,0.18960903,0.39682427,-0.10783253,0.093122516,-0.066864725,-0.37913888,0.41694002,-0.50069802,0.051093498,-0.390493,-0.62131088,-0.41288669,-1.1899626,-0.32912315,-0.63162243,-0.31303027,-1.0732889,-2.0466545,-2.3095136,0.029084816,-0.12476378,-0.030763602,0.04470116,0.046733203,-0.14138583,-0.083954751,0.24437587,-0.17547327,-0.29315442,-0.83161084,-0.54158816,0.077374644,0.084532668,-0.4656426,-0.28177607,0.071884127,0.17734844,-0.026134167,-0.15997099,0.28048184,0.41690754,0.2539854,0.37453564,0.096510645,-0.50620095,0.10107002,-0.10559727,-0.1653785,0.21480349,-0.2075017,0.28662086,0.064152502,-1.2156867,-0.39306959,0.60852842,-0.12707346,0.31186915,0.29603183,0.47561485,-0.045931647,-0.022113755,-0.40712099,0.15748685,0.36482293,-0.066203626,0.21527717,-0.28703469,0.3543348,0.067768372,0.13071646,0.17864398,0.3859272,0.21442078,0.18665343,0.20423301,0.05011946,-0.14531675,-0.041587439,0.17860881,0.44714124,-0.041011265,0.42785606,0.32383571,0.079985168,0.19813188,-0.30218109,-0.57151431,-0.12991594,0.45599883,-0.19745022,0.22811385,-0.13089651,-2.8464831,0.28837194,0.067623811,0.044629781,0.23290328,0.35769139,0.37580124,0.20227035,0.31810004,-0.20676211,0.21450767,0.14098223,-0.16205169,-0.50955945,0.10259392,-0.22245009,-0.18236652,-0.13004466,-0.3555427,0.069750399,-0.43625901,-0.028626245,-0.24415832,-0.65512761,-0.46561647,-0.27159061,-0.57022302,0.11966338,-0.13971327,-0.17884305,-0.31287161,0.046903404,0.35723722,0.19606804,0.17878459,0.3971601,-0.14307147,0.19115904,0.22602543,-0.48990569,0.18255886,-0.082308676,-0.46929567,-0.088694221,0.17182642,0.020805409,-0.21720795,-0.21660857,-0.15171991,-0.34275669,-0.65504946,-0.66046212,0.35460725,-0.19072575,-0.11929341,-0.18771713,0.13264879,-0.2138676,-2.6117909,-0.13802085,-0.80815213,-0.21224213,-0.90169671,0.30041985,-0.95188051,0.091346072,-0.051590237,-0.716755,0.061741925,0.075684141,-0.26018967,0.27257574,0.23483789,-0.13434747,0.11969616,-0.0020503858,-0.20013835,-0.54968767,0.18374207,-0.45755395,-0.19546208,-0.20736766,0.36676761,0.14886129,-0.35219981,0.33740695,0.022562395,0.42154531,-0.094938294,0.35486675,-1.0692512,-0.204811,0.12654454,0.087032329,0.36034481,-0.79331936,0.065315689,-1.8839545,0.5180638,0.33083524,0.056646862,-0.11522171,0.15006608,-0.30015575,0.1484485,0.12144692,0.25115275,0.095469306,0.085593105,0.23794739,0.23259566,-0.17025882,-0.24467776,-0.05747475,-0.13030664,-0.066791164,-0.70800273,0.05061439,0.35629462,0.44241745,0.17769459,-0.055527875,0.079705237,-0.44067338,-0.067406501,-1.1467709,0.46214624,0.66861267,0.4611758,-1.1999155,-1.4225615,-0.060137497,-0.34156931,-0.155809,0.07326234,-0.10652044,0.022125697,0.045145885,-0.51518129,-2.6933087,-0.49451818,-0.49661812,-2.3657224,-1.8290042,-2.0311819,-0.57605507,0.30093497,0.10578052,0.6504448,0.12468549,0.34304318,-1.0673513,0.067843341,0.22990529,0.061652659,0.28963172,-0.074328035,-0.095101525,-1.2498712,0.0093505358,-0.097886756,0.29045587,0.31444471,-0.10612805,-0.72923702,0.16303691,0.42736201,-0.086066038,0.051981917,-0.90689744,-0.32691931,-0.10419283,0.24210369,-1.1263226
-48.63757,1,2.2911677e-06,12,4095,0,48.802023,0.23970954,1.5020056,0.15154402,0.45887428,0.5,-0.32203214,0.018296786,-0.19835245,-0.19511822,0.32216108,0.063655257,0.41298206,0.43894129,0.10221083,-0.16318533,-0.27827559,-0.45114593,0.13034745,0.4151925,0.26979975,-1.772481,-0.44545869,0.091318976,-0.012947109,0.3701449,-1.4829514,0.3967874,0.48610109,0.37614662,0.47023139,-0.064460055,0.18990398,0.39762522,-0.10783479,0.093103334,-0.066820423,-0.3794296,0.41729894,-0.50111167,0.051026799,-0.39079482,-0.62188702,-0.41339605,-1.1911606,-0.32945344,-0.63232089,-0.31339083,-1.0744598,-2.0487947,-2.3119446,0.029079592,-0.12496284,-0.030888754,0.044829724,0.046853319,-0.14146503,-0.083974988,0.24461519,-0.17571461,-0.29349396,-0.83257337,-0.54226951,0.077535228,0.08454021,-0.4660642,-0.28200796,0.072015599,0.17761898,-0.026212451,-0.16020987,0.2807809,0.41746013,0.25426602,0.37494185,0.096590293,-0.50673653,0.10125901,-0.10564475,-0.16565866,0.21515398,-0.20762521,0.28721153,0.064412337,-1.2167784,-0.39326269,0.60914467,-0.12743076,0.31200031,0.29616955,0.47598518,-0.046167301,-0.021974273,-0.40773502,0.15783522,0.36559369,-0.066087928,0.21576352,-0.2858911,0.35499129,0.067664009,0.13068893,0.17868355,0.38621962,0.21449688,0.18671347,0.20433965,0.050065206,-0.14445545,-0.041770953,0.17862787,0.44744721,-0.041311522,0.42804797,0.32386701,0.079752263,0.19804718,-0.30218688,-0.57183712,-0.12982627,0.4563953,-0.19785251,0.22823164,-0.13118458,-2.8496414,0.28852433,0.067495574,0.044450475,0.23290638,0.35781893,0.37592975,0.20217778,0.31896638,-0.20727582,0.21518721,0.14086075,-0.16196399,-0.50984328,0.10294933,-0.22249657,-0.18274455,-0.13034427,-0.35577791,0.069712444,-0.43661119,-0.028771923,-0.2445479,-0.65596645,-0.46599215,-0.27177652,-0.57075121,0.11985375,-0.13983656,-0.17903324,-0.31322734,0.04695263,0.35769254,0.19633204,0.17902925,0.39772239,-0.14317983,0.19143982,0.22633702,-0.49050047,0.18269969,-0.082369419,-0.46984889,-0.088770154,0.17200908,0.020802864,-0.21744883,-0.21686505,-0.15187526,-0.34316431,-0.65578477,-0.66118822,0.3551752,-0.19096982,-0.11939405,-0.18798572,0.13274895,-0.21415102,-2.6146443,-0.13826327,-0.80893999,-0.21237712,-0.90278904,0.30060593,-0.95306909,0.091618994,-0.051493145,-0.7176784,0.061674602,0.075674443,-0.26040671,0.27297063,0.23503409,-0.13442621,0.1197215,-0.0019709838,-0.20047031,-0.55036244,0.18405894,-0.45795255,-0.19554637,-0.20745722,0.36706238,0.14886574,-0.3524154,0.3375894,0.022398507,0.42191297,-0.095179667,0.35522486,-1.0703323,-0.20495765,0.12661642,0.087192433,0.36073389,-0.79422344,0.065319138,-1.8858865,0.51882339,0.3314647,0.056778792,-0.11530242,0.15032348,-0.30042923,0.14876971,0.1216937,0.25154616,0.095642112,0.08576638,0.23831886,0.23278812,-0.17036356,-0.2448561,-0.057440532,-0.13037871,-0.066910623,-0.70882287,0.050692111,0.35677233,0.44300409,0.17786325,-0.0556514,0.079698283,-0.44106264,-0.067634539,-1.1478686,0.46246995,0.66929363,0.4615184,-1.2010107,-1.4242689,-0.059341578,-0.34214026,-0.15615759,0.073193602,-0.10674549,0.02205138,0.045120133,-0.51581353,-2.6962306,-0.49508709,-0.49716106,-2.3682122,-1.8309379,-2.0333149,-0.57671646,0.30125402,0.10582848,0.65130127,0.12466827,0.34329103,-1.068661,0.067723133,0.22993679,0.0615152,0.28978303,-0.07426794,-0.095065128,-1.2513513,0.009244135,-0.098116447,0.29065181,0.3146964,-0.10639004,-0.73015777,0.16308286,0.42775936,-0.085984927,0.051866864,-0.90768108,-0.3271011,-0.10416643,0.24223709,-1.1273742
-48.509649,0.81054732,2.2911677e-06,12,4095,0,51.560732,0.23901255,1.511926,0.15201655,0.46221035,0.5,-0.31657967,0.019179979,-0.21177018,-0.19290109,0.31802236,0.063566769,0.40361743,0.43199652,0.10317403,-0.16031677,-0.27285649,-0.44267221,0.1317161,0.40588926,0.2666645,-1.7474106,-0.43810235,0.092210401,-0.010056173,0.36559739,-1.4619486,0.38999018,0.4780783,0.37027915,0.46317387,-0.062618087,0.18724126,-0.30629515,-0.10706132,0.093505803,-0.066230365,-0.3752429,0.41451069,-0.49491375,0.051864311,-0.38570999,-0.61282185,-0.40716532,-1.1745767,-0.32355724,-0.62211419,-0.30833393,-1.0587133,-2.0218112,-2.2808155,0.03117845,-0.12034715,-0.027164554,0.044308426,0.047104228,-0.13959184,-0.082075122,0.24165037,-0.17344241,-0.29046718,-0.81794887,-0.53098223,0.075281195,0.085511462,-0.46036257,-0.27788082,0.072005378,0.17478137,-0.024303704,-0.15600931,0.2771265,0.41295505,0.25353012,0.37273288,0.097432625,-0.50050011,0.098177542,-0.10451111,-0.16018153,0.21165772,-0.2054585,0.28012596,0.061676472,-1.2027174,-0.3901736,0.6023545,-0.12214125,0.3120747,0.29559899,0.47325045,-0.041915894,-0.022527992,-0.39922476,0.15492803,0.35716601,-0.065832727,0.21139763,-0.29941348,0.34975756,0.068565615,0.1318174,0.17844008,0.38366757,0.21402338,0.18603936,0.20286451,0.050536089,-0.15497122,-0.037834162,0.18033348,0.44564482,-0.035642611,0.42756576,0.32527159,0.083320534,0.19901162,-0.30049066,-0.56526221,-0.12802062,0.45163882,-0.19321208,0.22591729,-0.12728912,-2.8095712,0.28783444,0.07044314,0.048053907,0.2342089,0.35749004,0.37550413,0.20444459,0.31021672,-0.20033447,0.20771636,0.14256562,-0.16000208,-0.50401138,0.10151127,-0.21860608,-0.17950032,-0.12724676,-0.35052114,0.069992283,-0.43015167,-0.025624439,-0.23827425,-0.64411337,-0.45945973,-0.26716814,-0.56172388,0.1200534,-0.13577512,-0.17421076,-0.30645168,0.047546947,0.35360051,0.19377179,0.1774682,0.39247603,-0.140861,0.18958719,0.2244865,-0.48205388,0.18252596,-0.080190924,-0.46297603,-0.086484528,0.17011043,0.021702499,-0.21230151,-0.2127615,-0.14956767,-0.33734997,-0.64527066,-0.65161222,0.3479002,-0.18696658,-0.11757278,-0.18259891,0.1327661,-0.20870572,-2.5773542,-0.13284538,-0.8000663,-0.21041713,-0.88712074,0.30060792,-0.93631541,0.089185162,-0.050834143,-0.70517062,0.062870182,0.075773359,-0.25665678,0.26985571,0.23361053,-0.13304878,0.12142975,-0.0021073073,-0.19490768,-0.54096313,0.18008647,-0.45308118,-0.1945231,-0.2049461,0.36457107,0.1505707,-0.34990349,0.33754959,0.025749475,0.4179441,-0.091728824,0.35095171,-1.0551197,-0.20142563,0.12488607,0.086787449,0.35690108,-0.7823591,0.066863859,-1.8622293,0.51006128,0.32393036,0.056237681,-0.11428551,0.14640275,-0.29816405,0.14342507,0.11866634,0.24734612,0.093292937,0.082806998,0.23386977,0.23279626,-0.16969992,-0.24378281,-0.057789754,-0.12878341,-0.064262767,-0.69879712,0.052547284,0.35253035,0.4378533,0.17829736,-0.05155869,0.082338146,-0.43704604,-0.062117351,-1.135724,0.46126348,0.66332321,0.45884985,-1.1862777,-1.4020615,-0.068096916,-0.33296853,-0.15039156,0.075057879,-0.10314199,0.02486095,0.04687391,-0.50577523,-2.6584492,-0.48665218,-0.48918979,-2.3361641,-1.8047442,-2.0050066,-0.56948013,0.29998189,0.10828299,0.64353634,0.12802415,0.34243421,-1.0502075,0.071901706,0.23231923,0.065060132,0.28914342,-0.073786587,-0.092991415,-1.2343445,0.010532368,-0.09463554,0.28913621,0.31137635,-0.10259299,-0.71911081,0.16289201,0.42345831,-0.085823404,0.055029455,-0.89788883,-0.32386486,-0.10311877,0.24235505,-1.1142054
-49.729324,0.40760823,2.2911677e-06,12,4095,0,52.158454,0.2401288,1.5272275,0.15232075,0.45961589,0.5,-0.30962327,0.019247452,-0.23288362,-0.19173054,0.31049574,0.061760874,-0.30560243,0.42052457,0.10377978,-0.15687785,-0.26532337,-0.43049536,0.13317387,-0.30275741,0.26118712,-1.7103289,-0.42813925,0.092691774,-0.0064574198,0.35719014,-1.4308989,0.37873092,0.46556086,0.36044262,0.45209231,-0.060818916,0.18191969,-0.32231687,-0.10740679,0.092235466,-0.066576898,-0.37056055,0.40950398,-0.48686259,0.051141903,-0.37914297,-0.59985311,-0.39983712,-1.150419,-0.31543538,-0.60767329,-0.3023134,-1.0361521,-1.9828834,-2.2352696,0.033745217,-0.11390834,-0.022050769,0.042249929,0.046673669,-0.13817055,-0.08008556,0.23521477,-0.17252283,-0.28874029,-0.79606517,-0.51402113,0.069689262,0.085715806,-0.45346644,-0.27281206,0.071100178,0.16886805,-0.022778479,-0.15082133,0.26970494,0.40586714,0.25231605,0.3693753,0.097965247,-0.49339882,0.091017963,-0.10444504,-0.15254186,0.20499141,-0.20377901,0.26777887,0.055861867,-1.1832249,-0.3870909,0.59105815,-0.11556468,0.31137091,0.29354165,0.46846429,-0.036582323,-0.024579595,-0.38777365,0.14951427,0.34354938,-0.066311444,0.20398297,-0.32023048,0.34194909,0.067666373,0.1320724,0.17625835,0.37860774,0.21165056,0.18308789,0.19855467,0.049112107,-0.17191717,-0.032748922,0.18224871,0.44233262,-0.027755518,0.42615953,0.32662517,0.087181358,0.19842741,-0.29887332,-0.55562341,-0.12531351,0.44272337,-0.18844635,0.21987091,-0.12318639,-2.7506015,0.28563904,0.073830587,0.052445171,0.23510633,0.35587535,0.37368691,0.20664158,0.29667423,-0.19146644,0.19523879,0.14328948,-0.15697272,-0.49566731,0.099369604,-0.21247634,-0.17759911,-0.12499623,-0.34300347,0.06828864,-0.42099026,-0.021949946,-0.22981929,-0.62725037,-0.45034187,-0.26064742,-0.54842429,0.12011506,-0.12991132,-0.16724579,-0.2966117,0.047271455,0.34656842,0.18841509,0.17413265,0.38387163,-0.13870512,0.18592021,0.22109094,-0.47058601,0.18135479,-0.07793096,-0.45461473,-0.084118385,0.16550917,0.021655762,-0.20505624,-0.20794288,-0.14783667,-0.3300651,-0.63046854,-0.63879575,0.33501569,-0.18226002,-0.11644368,-0.17506071,0.13166416,-0.20116633,-2.5218813,-0.12501536,-0.78935246,-0.20929219,-0.86405225,0.30021006,-0.91168659,0.084152864,-0.050578043,-0.68759067,0.062930503,0.073913028,-0.25228885,0.26441156,0.23017547,-0.13271517,0.12340314,-0.0037437824,-0.18752116,-0.5280864,0.17208949,-0.44781968,-0.19503254,-0.20221842,0.35965972,0.15236074,-0.34827672,0.33702929,0.029718897,0.4104633,-0.088203166,0.34271312,-1.0329709,-0.19693189,0.11970664,0.085259732,0.34987362,-0.76603639,0.068290234,-1.8288366,-0.1979129,0.31099057,0.054166371,-0.11476005,0.1380047,-0.29756059,0.1324717,0.11212035,0.23952346,0.087601286,0.075777441,0.22531792,0.23246372,-0.17117144,-0.24499299,-0.060291286,-0.12791233,-0.061466132,-0.68579532,0.055283387,0.34536182,0.42967572,0.17869389,-0.045623892,0.086078899,-0.43358968,-0.053949098,-1.1204983,0.45939411,0.65429859,0.45397196,-1.1653281,-1.369893,-0.081948405,-0.31970435,-0.14269821,0.076575026,-0.09914393,0.028401556,0.048510395,-0.4911338,-2.6024867,-0.47499158,-0.47832857,-2.2891032,-1.7657736,-1.9631012,-0.56125464,0.29792399,0.11208272,0.6322227,0.13324296,0.34068469,-1.0228848,0.078050103,0.23581623,0.069678094,0.2870499,-0.0742402,-0.090140782,-1.2116546,0.010458954,-0.090945087,0.28550583,0.30429226,-0.098482224,-0.70471765,0.16087837,0.41551432,-0.086806764,0.058999819,-0.88513463,-0.32034456,-0.10261489,0.24176373,-1.0963203
-49.544268,1,2.2911677e-06,12,4095,0,51.943601,0.24104717,1.5235949,0.15285464,0.45766683,0.5,-0.3099307,0.020547378,-0.22800654,-0.19116158,0.31345496,0.063274559,-0.30135711,0.42432077,0.10517291,-0.15615187,-0.26542718,-0.43166706,0.13449903,-0.29838346,0.26401028,-1.7173769,-0.42907767,0.094106753,-0.0057134642,0.36016987,-1.4364835,0.38251753,0.46977871,0.3639952,0.45608627,-0.059763602,0.18442932,-0.3179698,-0.10612017,0.093503727,-0.065146908,-0.3705091,0.41215815,-0.48742217,0.052227915,-0.37925537,-0.60125415,-0.40066304,-1.154514,-0.31574835,-0.60956014,-0.30258306,-1.0400597,-1.9909138,-2.2446525,0.034819584,-0.11369666,-0.021519345,0.044046888,0.048338355,-0.13724766,-0.079016813,0.2375993,-0.17208121,-0.28865281,-0.79926713,-0.51601199,0.071811601,0.086976218,-0.45397544,-0.27260854,0.072830537,0.17133682,-0.021869597,-0.15065739,0.27232183,0.40922602,0.25452769,0.37209854,0.099435648,-0.49428378,0.093320175,-0.10333194,-0.15266635,0.20774812,-0.20300677,0.27151088,0.05831651,-1.1866562,-0.38661297,0.59465761,-0.11586797,0.31307726,0.29534725,0.47113635,-0.036418226,-0.022738373,-0.38920471,0.15220396,0.34780873,-0.064646411,0.2072064,-0.31499035,0.34568062,0.068645037,0.13321994,0.17776831,0.38106245,0.21328525,0.1847091,0.20040452,0.050285654,-0.16754597,-0.032401629,0.18344136,0.44473237,-0.027951548,0.42809916,0.32789739,0.087448774,0.19944085,-0.29770868,-0.55599522,-0.12393958,0.44566073,-0.18877298,0.22185572,-0.12310677,-2.7631589,0.28750256,0.074462851,0.05285207,0.23631216,0.35762412,0.37545001,0.20746458,0.3012522,-0.19241072,0.19928532,0.14410828,-0.15562496,-0.49583427,0.1018862,-0.21175877,-0.1776584,-0.12483192,-0.34297353,0.06953237,-0.42143804,-0.021390963,-0.2303412,-0.62973871,-0.45085926,-0.26039809,-0.54969852,0.12196568,-0.12942372,-0.16704143,-0.29711753,0.048698539,0.34963615,0.19082599,0.1763644,0.38733022,-0.13792446,0.18828557,0.22353333,-0.47195501,0.18312313,-0.077010287,-0.45564614,-0.083252967,0.16762212,0.022906615,-0.20502971,-0.20780727,-0.14717653,-0.33056947,-0.63249772,-0.6406643,0.33865098,-0.18207907,-0.11557214,-0.17514092,0.13330147,-0.20129417,-2.5332451,-0.12503023,-0.79125505,-0.20851819,-0.86774316,0.30207227,-0.91578155,0.086594336,-0.049021444,-0.69039772,0.063964041,0.075253399,-0.25199503,0.26722644,0.2322537,-0.13171929,0.12461159,-0.002125819,-0.18779385,-0.52979959,0.17481955,-0.44814565,-0.19398752,-0.20141054,0.36211621,0.15351391,-0.34777683,0.33888887,0.030198355,0.41326136,-0.087941109,0.34553496,-1.0365673,-0.19642597,0.12151103,0.087117754,0.35273525,-0.76869592,0.069463793,-1.835839,-0.19379422,0.31482999,0.05597348,-0.11371802,0.14057904,-0.2971834,0.13537994,0.11456341,0.24246594,0.089762527,0.078024458,0.22823233,0.23434383,-0.17012889,-0.24419177,-0.058751077,-0.12693046,-0.060768727,-0.68797263,0.056610214,0.34850658,0.4331768,0.18045434,-0.045139738,0.087073743,-0.43376082,-0.053934652,-1.1236592,0.46177419,0.65802539,0.45656251,-1.1688752,-1.3761255,-0.077807584,-0.32110617,-0.14304291,0.0775119,-0.098859332,0.029194561,0.049578021,-0.49282339,-2.6141006,-0.47628956,-0.47949103,-2.2987693,-1.7731576,-1.9713061,-0.56261187,0.30030444,0.11324933,0.63651767,0.13411847,0.34281864,-1.0275356,0.078538343,0.23695705,0.070201901,0.28890008,-0.072752317,-0.088946698,-1.2165485,0.011380412,-0.090656503,0.28758751,0.30673439,-0.098324131,-0.70730864,0.16239767,0.41842292,-0.085214758,0.059635863,-0.88715329,-0.31987188,-0.10129695,0.24347183,-1.099526
-47.947955,1,2.2911677e-06,12,4095,0,51.217481,0.23933491,1.5089318,0.1531702,0.46011412,0.5,-0.31538701,0.021721246,-0.2078715,-0.19078188,0.32180735,0.066362893,0.40793673,0.43616126,0.10571368,-0.15833371,-0.2716203,-0.44234314,0.13415767,0.41025778,0.27028757,-1.7520637,-0.43747206,0.09476928,-0.0080700537,0.36941076,-1.4653786,0.39418921,0.48234055,0.37437075,0.46737504,-0.060338693,0.19073901,-0.30193136,-0.10448327,0.096146236,-0.063590182,-0.3736757,0.41799907,-0.49393591,0.054376634,-0.3843927,-0.61268031,-0.40624525,-1.1766952,-0.32247094,-0.6223271,-0.30704009,-1.0605987,-2.0270875,-2.287319,0.0334046,-0.11885646,-0.025403722,0.047255342,0.049852351,-0.13733673,-0.079806269,0.24515681,-0.17136006,-0.28861305,-0.81942017,-0.53143799,0.078658564,0.088025006,-0.45925599,-0.27628396,0.074821789,0.17830779,-0.022065645,-0.15443606,0.2807807,0.41683884,0.2565842,0.37615592,0.10001276,-0.49958285,0.10174729,-0.10204946,-0.15894907,0.21534787,-0.2032925,0.28443115,0.06522286,-1.204095,-0.38825601,0.6062796,-0.12089332,0.31487383,0.29853897,0.47672297,-0.040340168,-0.019553951,-0.39894417,0.15852046,0.36158604,-0.063072375,0.21533491,-0.29516437,0.35385592,0.071042785,0.13427643,0.1812584,0.3870802,0.21691123,0.1889675,0.20599577,0.053146274,-0.15092205,-0.036155622,0.18268648,0.44892341,-0.034432039,0.43052892,0.32773527,0.085088625,0.20148513,-0.29812585,-0.56434101,-0.1256746,0.45540707,-0.19182862,0.22922801,-0.1256592,-2.8187512,0.29080795,0.072407677,0.04983207,0.23665576,0.36037625,0.37841213,0.20661661,0.31480781,-0.19958149,0.21221816,0.14484096,-0.15769551,-0.50287699,0.10478304,-0.21686649,-0.17773815,-0.12541476,-0.34922357,0.072655682,-0.42922302,-0.02373138,-0.23730477,-0.64481173,-0.45855955,-0.26567915,-0.56155035,0.12284437,-0.1341112,-0.17277431,-0.30560088,0.05017539,0.35738924,0.19722826,0.1806974,0.39647304,-0.13873742,0.19289875,0.22780667,-0.48175638,0.18537969,-0.078012994,-0.46224417,-0.084341097,0.17338525,0.024231105,-0.21097499,-0.21117205,-0.14746084,-0.33627685,-0.64558099,-0.65167121,0.35210924,-0.1853455,-0.11531579,-0.18134228,0.13555607,-0.20747416,-2.5856579,-0.13157461,-0.79993654,-0.20819855,-0.88892501,0.30345166,-0.93843924,0.092656436,-0.048190813,-0.70608197,0.065292243,0.07849483,-0.25495354,0.27347288,0.23677272,-0.13066121,0.1237755,0.00072734818,-0.19372685,-0.54095179,0.1838655,-0.45173527,-0.19202875,-0.20285911,0.36797932,0.15291099,-0.34784095,0.34040501,0.02759128,0.42161776,-0.089961758,0.35470089,-1.0568246,-0.19963684,0.12807828,0.089713869,0.36060217,-0.78310199,0.069233397,-1.8665222,0.51421466,0.32823953,0.059189006,-0.11180514,0.15015705,-0.29606803,0.14747059,0.12224558,0.2511728,0.096691758,0.086349365,0.23773303,0.23563578,-0.16712142,-0.24132779,-0.05490773,-0.12645223,-0.062233068,-0.69901519,0.054875517,0.35635803,0.4418247,0.18102291,-0.049891161,0.084439432,-0.43545861,-0.060843459,-1.1365712,0.46444691,0.66724372,0.46229651,-1.187848,-1.4058734,-0.064077074,-0.33280977,-0.14926134,0.077314543,-0.10140695,0.026878054,0.049176722,-0.5059004,-2.6669215,-0.48634019,-0.48874521,-2.3429368,-1.8097212,-2.0106334,-0.56888182,0.30317228,0.11046144,0.64764496,0.12996746,0.34549739,-1.0528266,0.07358483,0.23454179,0.066877883,0.29210587,-0.071109334,-0.09074196,-1.2366953,0.012914589,-0.092870858,0.29230948,0.31492458,-0.10092429,-0.71964513,0.16570254,0.42719434,-0.083049559,0.05694641,-0.89799697,-0.32199762,-0.10060196,0.2451391,-1.1153322
-48.140473,0.95914198,2.2911677e-06,12,4095,0,49.25042,0.23906406,1.5068353,0.15303629,0.46043739,0.5,-0.31659968,0.021473682,-0.20499028,-0.19114139,0.32263118,0.066397751,0.40993775,0.43754823,0.10537149,-0.15907361,-0.27294463,-0.44431943,0.13368485,0.41216811,0.27079275,-1.75753,-0.43911281,0.094445057,-0.0088351615,0.37037602,-1.4700043,0.39554096,0.48386032,0.37551324,0.46868108,-0.060843613,0.19124788,-0.2998538,-0.10466465,0.096118193,-0.06378447,-0.3745561,0.41844606,-0.49530462,0.054277205,-0.38556223,-0.61476588,-0.40747024,-1.1803432,-0.32387169,-0.6246043,-0.30810479,-1.0640041,-2.0327641,-2.2939412,0.03277543,-0.12003141,-0.026393598,0.047303588,0.04965078,-0.13776949,-0.080343575,0.24585786,-0.17166658,-0.28901815,-0.82277912,-0.53411147,0.0792463,0.087759696,-0.46044208,-0.27723934,0.074691101,0.17891566,-0.022512015,-0.15540519,0.2816193,0.41755551,0.25645963,0.37632975,0.099674917,-0.50076737,0.10257073,-0.10228078,-0.16028711,0.21605045,-0.20375353,0.28596163,0.065814418,-1.2070524,-0.38891907,0.6076617,-0.12204205,0.31471549,0.29858949,0.47713342,-0.041331136,-0.019511971,-0.40077796,0.15902625,0.36327639,-0.063268181,0.21611334,-0.29237339,0.35465232,0.070982899,0.13401506,0.18135625,0.38755486,0.21702835,0.1891789,0.20640471,0.053152137,-0.1486849,-0.037123503,0.18215301,0.44912136,-0.035801539,0.43046253,0.32728591,0.084327284,0.20137226,-0.29861663,-0.56598594,-0.12635806,0.45646058,-0.19268305,0.22990476,-0.12644386,-2.8272501,0.29087576,0.071688694,0.04897194,0.23628616,0.36036164,0.37842897,0.20607313,0.31645398,-0.20104058,0.21373689,0.14453524,-0.15842931,-0.5043314,0.10477647,-0.2180419,-0.17815505,-0.12590834,-0.35056031,0.072700646,-0.43078133,-0.024490864,-0.23873736,-0.64742344,-0.46010467,-0.26687396,-0.56370087,0.12254637,-0.13522018,-0.17403489,-0.30726073,0.049971199,0.35812334,0.19775203,0.18091223,0.39742534,-0.13927518,0.19315452,0.22801177,-0.48360014,0.18528965,-0.078579947,-0.46361766,-0.084920066,0.17381547,0.024006774,-0.21226431,-0.2120796,-0.14791858,-0.33752445,-0.64790386,-0.65368862,0.35373811,-0.18623885,-0.11569613,-0.18266822,0.13546666,-0.20879625,-2.593701,-0.13295332,-0.80161343,-0.20857036,-0.89243019,0.30322894,-0.94215915,0.093123599,-0.048494198,-0.70878102,0.06507177,0.078555338,-0.25580442,0.27397329,0.23701918,-0.13092552,0.12323059,0.00072384045,-0.19501019,-0.54299142,0.18478434,-0.45267513,-0.19216276,-0.20349307,0.36842949,0.15240121,-0.34827062,0.34020283,0.026791786,0.42245121,-0.090670522,0.35565358,-1.0601933,-0.20052726,0.1286306,0.08967121,0.36135563,-0.78561279,0.068779435,-1.8713989,0.51603038,0.32985753,0.059238542,-0.11194311,0.15115476,-0.29631989,0.14884906,0.12295687,0.25204468,0.09729168,0.087156555,0.23872504,0.23540041,-0.16709942,-0.24132629,-0.054765032,-0.12680158,-0.062865093,-0.70103394,0.054195095,0.35710689,0.44270473,0.18068052,-0.051009712,0.083628653,-0.43612121,-0.062278668,-1.1388638,0.46441362,0.66824516,0.46272922,-1.1910299,-1.4106171,-0.062325156,-0.33493826,-0.15058683,0.076868431,-0.10219422,0.026118317,0.048698628,-0.50822679,-2.6750215,-0.48822177,-0.49051052,-2.3497777,-1.8154617,-2.016774,-0.57020436,0.30316825,0.10962506,0.64896703,0.12892947,0.34546711,-1.0569312,0.072432683,0.23375784,0.065969575,0.29215775,-0.071292146,-0.091430327,-1.2400313,0.01272571,-0.093608849,0.29258752,0.31572589,-0.10171799,-0.72184985,0.16577183,0.42809229,-0.083157146,0.056132335,-0.89999464,-0.3227298,-0.10092381,0.24496203,-1.1180502
-47.893364,1,2.2911677e-06,12,4095,0,48.267746,0.23883651,1.510963,0.15311159,0.45972284,0.5,-0.31463165,0.021548202,-0.21064076,-0.19054061,0.32063733,0.066058718,0.40584073,0.43442864,0.10549052,-0.15816618,-0.27097311,-0.44108099,0.13397785,0.40810418,0.26922335,-1.747414,-0.43635176,0.094534063,-0.0079154034,0.36821028,-1.4615719,0.39247711,0.48032645,0.37282476,0.46553198,-0.060364079,0.18985641,-0.30409527,-0.10464356,0.095976871,-0.063831317,-0.37312414,0.41702014,-0.49302909,0.054312997,-0.38374251,-0.61128455,-0.40520192,-1.173749,-0.32170608,-0.62065655,-0.30631011,-1.0577661,-2.0218843,-2.2813321,0.033371614,-0.11839047,-0.025122031,0.046796062,0.049476029,-0.13728939,-0.079837282,0.24432549,-0.17105201,-0.28810101,-0.81698074,-0.52969447,0.077996638,0.087870699,-0.45838364,-0.27581776,0.074406208,0.17744281,-0.022015166,-0.15395294,0.27980608,0.41544084,0.25589611,0.37516155,0.099746949,-0.49850425,0.10097097,-0.10211384,-0.15829223,0.21431386,-0.20315736,0.2827565,0.064378835,-1.2015304,-0.38794221,0.6046164,-0.12014643,0.31446633,0.29806461,0.4757336,-0.039857097,-0.020032311,-0.39754616,0.15754047,0.35955692,-0.063443792,0.214034,-0.2980755,0.35224743,0.071038029,0.13418617,0.18095009,0.38621499,0.2165314,0.18859149,0.20548255,0.053032165,-0.15320873,-0.035773323,0.18258308,0.44810507,-0.033731439,0.42998594,0.32758536,0.085504837,0.20145883,-0.29819968,-0.56352625,-0.12586746,0.45420891,-0.1910781,0.2286243,-0.12513496,-2.8109359,0.29030313,0.072622911,0.050177814,0.23653806,0.35993793,0.37796371,0.20671917,0.31261321,-0.19846616,0.21038002,0.14493363,-0.15787179,-0.50218473,0.1039256,-0.21667939,-0.17715023,-0.12494814,-0.34865011,0.072502094,-0.4283772,-0.023473067,-0.23642218,-0.6427956,-0.45767464,-0.26523292,-0.56022473,0.12236596,-0.13380152,-0.17230217,-0.30472039,0.049928588,0.35616077,0.19639772,0.17998413,0.39499783,-0.13860837,0.19210911,0.22697489,-0.48039101,0.18493676,-0.077962329,-0.46108143,-0.084259595,0.17272727,0.024084328,-0.21040241,-0.21067356,-0.14726781,-0.33541249,-0.64383166,-0.6500212,0.3504565,-0.1848733,-0.11524333,-0.18070933,0.13518671,-0.20681527,-2.5785213,-0.1309758,-0.79826887,-0.20806697,-0.88620968,0.30296113,-0.9354916,0.091822703,-0.048498433,-0.70388922,0.065262582,0.078284823,-0.25454315,0.27241228,0.23614018,-0.13066077,0.12366422,0.00037088577,-0.19298976,-0.53938806,0.18283414,-0.45097268,-0.19205482,-0.20273923,0.36711575,0.15282821,-0.34754981,0.33991572,0.027892494,0.42052485,-0.089543585,0.35359295,-1.0541659,-0.1993435,0.1275884,0.089222024,0.35948945,-0.78099481,0.06913782,-1.8619137,0.51219243,0.32647733,0.058723427,-0.11183519,0.14921154,-0.29571909,0.14631045,0.12139458,0.25001759,0.09600416,0.085605041,0.23658593,0.2351376,-0.16715224,-0.24122052,-0.055222295,-0.12644035,-0.062057633,-0.69719379,0.054704817,0.3550853,0.44032525,0.18059636,-0.049578361,0.084457374,-0.43478852,-0.060256808,-1.134177,0.46365552,0.66555535,0.46135138,-1.1852158,-1.4017057,-0.066139961,-0.33141261,-0.14848293,0.07734824,-0.10099731,0.027005866,0.049140749,-0.50433752,-2.6596442,-0.48501161,-0.48749525,-2.3367838,-1.8048749,-2.0053173,-0.56753742,0.30238252,0.1103858,0.64556952,0.13006288,0.34484351,-1.049556,0.073898611,0.23448026,0.067159075,0.29160618,-0.071382685,-0.090835402,-1.2333206,0.012947311,-0.09246619,0.29166931,0.31404657,-0.10044595,-0.71759021,0.16538963,0.42603162,-0.083381988,0.05716244,-0.89625136,-0.32168463,-0.1007769,0.24473307,-1.1129053
-47.619548,0.96665404,2.2911677e-06,12,4095,0,50.081075,0.23849149,1.5111326,0.15358213,0.45517994,0.5,-0.31354221,0.022551846,-0.21096772,-0.18936956,0.32145653,0.067100799,0.40621812,0.43498486,0.10643391,-0.15718002,-0.26997834,-0.44003781,0.13489679,0.40843923,0.27001987,-1.7460825,-0.43525067,0.095478005,-0.0069433973,0.36903423,-1.4603241,0.39306373,0.4806866,0.37348551,0.46599227,-0.059383436,0.19076204,-0.30374903,-0.10360121,0.097060774,-0.062836085,-0.37199951,0.41782319,-0.4919228,0.055424232,-0.3826851,-0.61022172,-0.40397724,-1.1725399,-0.32068433,-0.61953411,-0.30517564,-1.0565178,-2.0203658,-2.2798014,0.034302802,-0.11742202,-0.024170417,0.047768173,0.05039622,-0.13624317,-0.078871314,0.24530876,-0.16982946,-0.28681165,-0.81589382,-0.52867494,0.079060071,0.088875732,-0.45722293,-0.27476826,0.075332384,0.17839184,-0.020976159,-0.15290125,0.28074584,0.4160813,0.25668363,0.37588186,0.10067071,-0.49724274,0.10205216,-0.10104505,-0.15729255,0.2151974,-0.20207596,0.28345307,0.065354666,-1.2002272,-0.38684118,0.6051217,-0.1190301,0.31538749,0.29901958,0.47651442,-0.038807424,-0.019065648,-0.39638087,0.15840045,0.36000165,-0.062512453,0.21479824,-0.2983792,0.35280598,0.072192829,0.13522559,0.18200775,0.38709144,0.2175585,0.18965422,0.20654199,0.054157984,-0.15310442,-0.034764653,0.18352227,0.4489228,-0.032706159,0.43087208,0.32854525,0.086615408,0.20258428,-0.29722141,-0.56257012,-0.12503484,0.45502572,-0.18985315,0.22972223,-0.12399252,-2.8092422,0.29124867,0.073647171,0.051214818,0.23753124,0.3608919,0.378923,0.20776162,0.31297988,-0.19728641,0.2110166,0.14604887,-0.15704962,-0.50121479,0.10467598,-0.21585104,-0.17583575,-0.12372309,-0.34769655,0.073622315,-0.42737733,-0.022448225,-0.23535097,-0.64162989,-0.45665025,-0.26428654,-0.55922086,0.12319852,-0.13288661,-0.17136585,-0.30373928,0.050911159,0.35691523,0.19733371,0.18087831,0.39565306,-0.13756344,0.19297745,0.22780136,-0.47924916,0.18586073,-0.07696818,-0.45985612,-0.083254983,0.17372386,0.0251095,-0.20942911,-0.20959135,-0.14616063,-0.33428397,-0.64268914,-0.64880925,0.35114074,-0.18379846,-0.11416583,-0.17971839,0.13614855,-0.20581171,-2.5769772,-0.13001718,-0.79690398,-0.20695167,-0.88504563,0.30381775,-0.934294,0.092755287,-0.047578197,-0.70267372,0.066345832,0.079382148,-0.25348074,0.2732085,0.23708163,-0.12957209,0.12459127,0.0013776578,-0.1919326,-0.53822543,0.18379173,-0.44976642,-0.19092197,-0.20173341,0.36798821,0.15378378,-0.34636921,0.34078196,0.028926657,0.42136369,-0.088424102,0.3544703,-1.0529882,-0.19835418,0.12871803,0.090141691,0.36031235,-0.77975224,0.070103291,-1.8603684,0.51253373,0.32710652,0.05969198,-0.11071332,0.15024753,-0.29444488,0.14733848,0.12239575,0.25087691,0.097055368,0.086700366,0.23748657,0.23598372,-0.16596241,-0.23996444,-0.054134061,-0.12537932,-0.0610274,-0.695899,0.055549898,0.35581941,0.44093582,0.18143985,-0.048660095,0.085351102,-0.43351496,-0.059315917,-1.1326887,0.46442093,0.66598283,0.46216383,-1.1839725,-1.4003216,-0.065909114,-0.33034659,-0.14741749,0.078380646,-0.099911624,0.027968568,0.050126349,-0.50327995,-2.6580575,-0.48390199,-0.48637939,-2.3352569,-1.8035531,-2.0039243,-0.56620058,0.30315724,0.11122597,0.6457721,0.13092161,0.34567954,-1.0483479,0.074820132,0.23536129,0.068148026,0.29254846,-0.070398158,-0.089957058,-1.2317829,0.014073767,-0.091364372,0.29261306,0.31502021,-0.099329294,-0.7162552,0.16643518,0.42684433,-0.082395939,0.058151494,-0.89497144,-0.32061799,-0.099796807,0.24564611,-1.111578
-48.905861,0.36851613,2.2911677e-06,12,4095,0,51.078655,0.23788213,1.516755,0.15333711,0.45540986,0.5,-0.31169141,0.021852014,-0.21866389,-0.18924248,0.31802283,0.065901098,-0.29350151,0.43011139,0.10573815,-0.1568124,-0.26820881,-0.43656566,0.13440154,0.40241941,0.26705911,-1.7333274,-0.43234959,0.094744221,-0.0065729552,0.36542619,-1.4498533,0.38824414,0.47524097,0.3691274,0.46100893,-0.059578457,0.18810764,-0.30992634,-0.10434638,0.096157425,-0.063708935,-0.37082962,0.41507389,-0.48966025,0.054774019,-0.38106222,-0.60641161,-0.40161146,-1.1645148,-0.31863631,-0.61505717,-0.30351144,-1.0489228,-2.0064437,-2.2635969,0.034214853,-0.11611348,-0.023362733,0.046283126,0.049296863,-0.13638311,-0.079045601,0.24256691,-0.16963565,-0.28616947,-0.80903602,-0.52369545,0.076706549,0.088225949,-0.45519625,-0.27367147,0.074097567,0.1756733,-0.021094429,-0.15176034,0.27763125,0.41236373,0.25496962,0.37335682,0.09989607,-0.49485807,0.099276664,-0.10157384,-0.15549455,0.21209991,-0.20203661,0.27851586,0.062678001,-1.1935419,-0.38630144,0.60041254,-0.11725583,0.31419411,0.29751312,0.47378407,-0.037646671,-0.020581118,-0.39280781,0.15557592,0.35435135,-0.06361346,0.21116597,-0.30629812,0.34864518,0.071609692,0.1346865,0.18074544,0.38451311,0.21615356,0.18816554,0.20462711,0.053319476,-0.15953717,-0.033801534,0.18321744,0.44668255,-0.030806445,0.42935423,0.32807319,0.087436946,0.20201422,-0.29752672,-0.56020525,-0.1253544,0.45135636,-0.18835298,0.22739923,-0.12295473,-2.7880306,0.2896744,0.074079221,0.052009667,0.23704544,0.35951027,0.37749416,0.20782557,0.30707159,-0.19456871,0.20578972,0.14587182,-0.15729309,-0.49924834,0.10254828,-0.21503236,-0.17504274,-0.12306673,-0.34604765,0.072678884,-0.42503856,-0.021900179,-0.23306421,-0.63622644,-0.45425615,-0.26299543,-0.5554716,0.12201338,-0.13191607,-0.16996535,-0.30124039,0.050040428,0.35346649,0.19475563,0.17879664,0.39158885,-0.13745841,0.19072445,0.22552456,-0.47572353,0.18454133,-0.076971014,-0.4571391,-0.083192402,0.17153392,0.024433661,-0.2078242,-0.20848301,-0.14602078,-0.33220932,-0.63803146,-0.6446204,0.3461735,-0.18274952,-0.11431164,-0.17797268,0.13495615,-0.20402414,-2.5573945,-0.12828242,-0.79302062,-0.2070055,-0.8775636,0.30254018,-0.92620048,0.090217643,-0.048461767,-0.69687849,0.065871806,0.078323576,-0.25258362,0.27025807,0.23511388,-0.12995788,0.12428514,0.00012023343,-0.19004509,-0.5341639,0.1804922,-0.44817301,-0.19148392,-0.20155406,0.36543394,0.15349335,-0.34609549,0.33948713,0.029585569,0.41806619,-0.087646288,0.35103089,-1.0457348,-0.19762273,0.12670254,0.088688312,0.35704743,-0.77428695,0.069738276,-1.8482598,-0.18686074,0.32195687,0.058195234,-0.11127412,0.14701874,-0.29423994,0.14338604,0.1195981,0.24741551,0.094645688,0.083993517,0.23392658,0.23470621,-0.16668262,-0.24042721,-0.055461775,-0.12566168,-0.060748461,-0.69140919,0.055269243,0.35228087,0.43690126,0.18038883,-0.047675306,0.085523883,-0.43235295,-0.057551841,-1.1269488,0.46244035,0.66156112,0.45948845,-1.1769497,-1.3891054,-0.071574818,-0.3264967,-0.14541837,0.078234036,-0.099073115,0.028286955,0.049888667,-0.49894562,-2.6381722,-0.48040412,-0.48313122,-2.3185502,-1.7901905,-1.989355,-0.56321838,0.30115275,0.11125844,0.6404337,0.13144194,0.3439356,-1.0393212,0.075832568,0.2353624,0.068873313,0.29099604,-0.071339356,-0.090095268,-1.2233099,0.013677818,-0.090582287,0.29060366,0.31211104,-0.098364934,-0.71117663,0.16519069,0.42336924,-0.083514395,0.058674739,-0.89064457,-0.32000943,-0.10043289,0.24447437,-1.1053644
-48.934909,1,2.2911677e-06,12,4095,0,50.999864,0.2366542,1.5171958,0.15329957,0.45393062,0.5,-0.31158873,0.021756147,-0.2192636,-0.18879064,0.31771733,0.065982259,-0.29388974,0.42956444,0.10541996,-0.15702789,-0.2684478,-0.43669476,0.13397237,0.40181042,0.26650074,-1.7327013,-0.43224101,0.094432761,-0.0068494974,0.36525618,-1.4494586,0.3876957,0.4743566,0.36859676,0.46015521,-0.059787588,0.18787337,-0.31033201,-0.10431576,0.096372194,-0.063836695,-0.37058968,0.41456503,-0.48951753,0.055070566,-0.38107198,-0.60646947,-0.40103737,-1.1641789,-0.31878842,-0.61492173,-0.30323769,-1.0484294,-2.0051824,-2.2623587,0.033814863,-0.11644581,-0.023743366,0.046121764,0.048921448,-0.13636523,-0.079310504,0.24267957,-0.16899644,-0.28532052,-0.80914703,-0.52400535,0.076970133,0.088130317,-0.45484924,-0.27368632,0.073758026,0.17560748,-0.021095608,-0.15177326,0.2776854,0.41150608,0.25416837,0.37244675,0.099511622,-0.49416368,0.099673355,-0.10145486,-0.15573991,0.21187577,-0.20190518,0.27830364,0.062639354,-1.1928515,-0.38614742,0.59993243,-0.11707821,0.31382246,0.2973207,0.4732047,-0.037689894,-0.020777187,-0.39250423,0.15517216,0.35369939,-0.063968097,0.21058659,-0.30720919,0.34753906,0.072068236,0.13471382,0.1809096,0.38424588,0.21622119,0.18837352,0.20487974,0.053685915,-0.16003661,-0.033979568,0.18283392,0.44610533,-0.031016081,0.42888023,0.32773158,0.087608625,0.20235463,-0.29778862,-0.56061562,-0.12610503,0.45129869,-0.18774416,0.22787523,-0.12262702,-2.7863677,0.28946165,0.073976033,0.051926711,0.23687333,0.35929234,0.37730301,0.2077819,0.30608219,-0.1942031,0.20528727,0.1461467,-0.15808925,-0.49959885,0.10162706,-0.21584464,-0.17408364,-0.12242161,-0.34643676,0.073038086,-0.42528288,-0.021986858,-0.23305362,-0.63597963,-0.45441379,-0.26339592,-0.55574688,0.12132141,-0.13242528,-0.1704153,-0.30156805,0.049877209,0.3529308,0.19462658,0.17843503,0.39092102,-0.13745231,0.1902909,0.22494567,-0.47548984,0.18420781,-0.077141895,-0.45657563,-0.083328538,0.17157105,0.024416293,-0.20814168,-0.20837913,-0.14579085,-0.33197463,-0.63783248,-0.6441531,0.34610508,-0.18267064,-0.11417773,-0.17823867,0.13474911,-0.20424159,-2.5562369,-0.1286826,-0.79202404,-0.20675221,-0.87741416,0.30193507,-0.92596331,0.09001733,-0.048858993,-0.69646528,0.066055069,0.078601832,-0.25254951,0.26969598,0.23493329,-0.12978134,0.1238724,6.1227386e-05,-0.19007375,-0.53387213,0.18057283,-0.44766379,-0.19116017,-0.20170008,0.36513539,0.15317837,-0.34565142,0.33891625,0.029507981,0.41789339,-0.087396592,0.35100569,-1.0454887,-0.19784476,0.12720192,0.088338944,0.35674277,-0.77374536,0.069481474,-1.8468582,-0.18739206,0.32169097,0.058024414,-0.11096924,0.14735981,-0.29344842,0.14388742,0.11970621,0.24721101,0.094875392,0.084420012,0.23390331,0.23407342,-0.16614401,-0.23967989,-0.055235243,-0.12558426,-0.060800652,-0.69065204,0.054560351,0.35169015,0.43608484,0.17972512,-0.048188664,0.084949731,-0.43159946,-0.05805089,-1.1255954,0.46158567,0.66052996,0.45901499,-1.1764721,-1.3882651,-0.07230098,-0.32660984,-0.14543669,0.078206177,-0.098948266,0.027974613,0.049698603,-0.4990629,-2.636856,-0.48028479,-0.48297846,-2.3173386,-1.7896231,-1.9885634,-0.56227223,0.30034626,0.11048843,0.63913318,0.13067625,0.34331911,-1.0390869,0.075274769,0.23469376,0.068604746,0.29076034,-0.071506343,-0.090680153,-1.2218051,0.014013903,-0.090397617,0.29044863,0.31227515,-0.098135979,-0.71029162,0.16530294,0.42316217,-0.083673566,0.058433052,-0.88997418,-0.31996425,-0.10063421,0.24408135,-1.1045732
-49.620872,0.8843139,2.2911677e-06,12,4095,0,50.43825,0.23681132,1.5201707,0.15311918,0.45086921,0.5,-0.31075045,0.021257085,-0.22333344,-0.18905212,0.31579002,0.065134101,-0.29716918,0.42695123,0.10501313,-0.15688601,-0.26751693,-0.43486189,0.13372181,-0.29503851,0.2649345,-1.7260155,-0.43082149,0.094002151,-0.0066804088,0.36318073,-1.4439493,0.38510937,0.47157105,0.36625382,0.45760561,-0.059960693,0.18634548,-0.31370326,-0.10489225,0.095635286,-0.064420121,-0.37018675,0.41309848,-0.48846797,0.054441534,-0.38031623,-0.60447848,-0.40010274,-1.1600048,-0.31773819,-0.61263696,-0.30257181,-1.0445564,-1.9981054,-2.2540037,0.033778853,-0.11573303,-0.02328943,0.045211906,0.048312573,-0.1366001,-0.079449913,0.24096507,-0.16929582,-0.28545608,-0.80544123,-0.52126316,0.075407091,0.087659214,-0.45401273,-0.27322011,0.073059859,0.17397599,-0.021309445,-0.15128243,0.2757891,0.40964571,0.25339053,0.37126396,0.099087458,-0.49326842,0.097822709,-0.10194639,-0.15479042,0.21009878,-0.20208647,0.27551387,0.061017654,-1.1895668,-0.38606176,0.59739285,-0.11631143,0.31316154,0.29641425,0.47177788,-0.037175301,-0.021690902,-0.39078871,0.15361683,0.35070266,-0.0645879,0.20865547,-0.31129194,0.34553165,0.071412296,0.13425619,0.1799952,0.38277728,0.21526651,0.18731565,0.20356742,0.052924472,-0.16348691,-0.033520428,0.18267102,0.44494769,-0.030024502,0.42808049,0.32745838,0.087848562,0.20175398,-0.29800597,-0.55928791,-0.12613109,0.44914863,-0.18730288,0.22624763,-0.12232939,-2.7753997,0.28852639,0.074110468,0.052254522,0.23652553,0.35846606,0.37643991,0.2076878,0.30307467,-0.19298694,0.20244885,0.14579106,-0.15805527,-0.49851694,0.10066525,-0.21521309,-0.17417714,-0.12246409,-0.34551441,0.072221857,-0.42403531,-0.02179464,-0.23193444,-0.63322398,-0.45317049,-0.26266716,-0.55370245,0.12079223,-0.13183016,-0.16960498,-0.30019651,0.04931003,0.35108798,0.19309862,0.17727589,0.38879435,-0.13754584,0.18906573,0.2237661,-0.47377323,0.18346112,-0.077223732,-0.45544181,-0.083388009,0.17019166,0.023899174,-0.20727068,-0.2079537,-0.14595502,-0.33106521,-0.63547328,-0.64216298,0.34324647,-0.18226801,-0.11446228,-0.17730975,0.13402175,-0.20330905,-2.5459719,-0.12770607,-0.79041943,-0.20703466,-0.87346579,0.30132081,-0.92171059,0.088538503,-0.049339823,-0.69355955,0.065569913,0.077753377,-0.25221458,0.26813672,0.23376585,-0.13021734,0.12372056,-0.00076374817,-0.18916122,-0.53188085,0.17856056,-0.44713483,-0.19175469,-0.201692,0.36369213,0.15299603,-0.34583087,0.33827902,0.029757646,0.4159913,-0.087212704,0.34896473,-1.0417072,-0.1974985,0.1257331,0.087522734,0.35490972,-0.771075,0.069234098,-1.8408465,-0.19044192,0.31880986,0.057112028,-0.11155421,0.14528119,-0.29380544,0.14134505,0.11795949,0.24522572,0.093294588,0.082594728,0.23179067,0.23347042,-0.16691284,-0.24039062,-0.056215011,-0.12592228,-0.060773022,-0.68861128,0.054540993,0.34981986,0.43403514,0.17925992,-0.047583335,0.085128342,-0.43140921,-0.057018707,-1.1231049,0.46068207,0.65836489,0.45757583,-1.1729135,-1.3825194,-0.075252587,-0.32457345,-0.14446617,0.077988299,-0.098680385,0.028129441,0.04949513,-0.49675553,-2.6264863,-0.47853755,-0.48138368,-2.3086933,-1.7825762,-1.9809364,-0.56114627,0.29940965,0.11066747,0.63658069,0.13112397,0.3424507,-1.0343151,0.075912604,0.23481405,0.068967466,0.28984548,-0.072112373,-0.090670849,-1.2178526,0.01351036,-0.090185305,0.28924826,0.31044935,-0.097840155,-0.7079745,0.16441869,0.42117631,-0.084381858,0.058673215,-0.8879926,-0.31979553,-0.10105708,0.24344107,-1.1015916
-49.220098,1,2.2911677e-06,12,4095,0,49.921323,0.23694935,1.5276095,0.15328438,0.45144097,0.5,-0.30743735,0.021244275,-0.23375891,-0.18836453,0.3120828,0.064290869,-0.30475969,0.4212548,0.1051849,-0.15534371,-0.26404297,-0.42915436,0.13426194,-0.30246837,0.26212502,-1.7082944,-0.42608406,0.094115879,-0.0050769611,0.35909379,-1.4291528,0.37951917,0.46524936,0.36135655,0.4519907,-0.059191489,0.18371894,-0.32155953,-0.10506521,0.095094607,-0.064644497,-0.36791053,0.4105313,-0.48462978,0.054186179,-0.3772282,-0.59837769,-0.39646047,-1.1484868,-0.31395587,-0.60577575,-0.29964707,-1.0337415,-1.9793054,-2.2320828,0.03485162,-0.11280412,-0.021002038,0.044167221,0.047970522,-0.13593617,-0.078609062,0.23792392,-0.16866448,-0.28437645,-0.79513671,-0.51334842,0.072817393,0.087715928,-0.4506546,-0.27084224,0.072503099,0.17112398,-0.020598387,-0.14884054,0.27225534,0.4059598,0.25253677,0.36935089,0.09920231,-0.48969698,0.094529782,-0.10189334,-0.15126186,0.20683201,-0.20126584,0.26951559,0.058220646,-1.1801476,-0.38457376,0.59179428,-0.11314501,0.31269624,0.29536335,0.46929071,-0.034670106,-0.022746407,-0.38527901,0.15089098,0.34393668,-0.064947804,0.20491308,-0.32166595,0.34141917,0.071123563,0.13437401,0.17899997,0.38026307,0.21414914,0.185969,0.20158753,0.052355437,-0.17184194,-0.031179868,0.18344477,0.4431678,-0.026362232,0.42724758,0.32798448,0.089731396,0.20158203,-0.29734516,-0.55487949,-0.12510935,0.44485021,-0.1848591,0.22351079,-0.12029293,-2.746995,0.28739859,0.075671885,0.054299271,0.23688556,0.35761593,0.37550233,0.20870859,0.29623563,-0.18867619,0.19629877,0.14621514,-0.15689497,-0.4946982,0.099330855,-0.21258919,-0.17297668,-0.12120131,-0.34209493,0.071515059,-0.41979096,-0.020096015,-0.22794176,-0.62517932,-0.44891958,-0.25972303,-0.54751236,0.12058279,-0.12923016,-0.16646426,-0.2956562,0.049114323,0.34754063,0.19049269,0.17555638,0.3844433,-0.13653735,0.18716354,0.22194504,-0.46828223,0.18278289,-0.076222232,-0.45131438,-0.082324509,0.16800111,0.023857682,-0.20395618,-0.20565149,-0.14507479,-0.32755172,-0.62841783,-0.63596014,0.33703597,-0.18002618,-0.1138977,-0.17383875,0.13341815,-0.19982189,-2.5193827,-0.12413827,-0.78504648,-0.20643684,-0.86251578,0.30092355,-0.90999284,0.086061317,-0.049366709,-0.68511734,0.065648511,0.076949248,-0.250149,0.26534356,0.23205859,-0.13001542,0.12450972,-0.0015741507,-0.18568376,-0.52570552,0.17476181,-0.44449459,-0.19190683,-0.20046364,0.36123956,0.15373198,-0.34493376,0.33783383,0.031605466,0.41234828,-0.085471258,0.3450083,-1.0311667,-0.19545629,0.12342043,0.086669632,0.35143924,-0.76319233,0.069813542,-1.8246204,-0.19749538,0.31250593,0.056058282,-0.11169306,0.14137872,-0.29327637,0.13626896,0.1148641,0.24141239,0.090649291,0.079376073,0.22768893,0.23309204,-0.16745063,-0.24073704,-0.057344532,-0.12549984,-0.059477171,-0.68222692,0.055593309,0.34618799,0.42983811,0.17921819,-0.044950102,0.086704094,-0.42954518,-0.053320395,-1.1154861,0.45950042,0.65367439,0.4550817,-1.1628713,-1.3670423,-0.082182037,-0.31834045,-0.14083753,0.078688291,-0.09675741,0.029693461,0.050196185,-0.48987842,-2.5996156,-0.47299436,-0.47620878,-2.2860673,-1.7639813,-1.9608819,-0.55696014,0.29815232,0.11220732,0.63068896,0.13334115,0.34140704,-1.0213246,0.078638624,0.23624886,0.071063174,0.28876393,-0.07239992,-0.089528369,-1.2066443,0.013574234,-0.088387057,0.28745837,0.30711398,-0.095827263,-0.70088794,0.16348833,0.41729907,-0.084918434,0.060467411,-0.88176205,-0.3181317,-0.10090003,0.24301941,-1.0928944
-49.238472,1,2.2911677e-06,12,4095,0,50.477185,0.23586131,1.5268175,0.15333022,0.45163635,0.5,-0.30764896,0.021383489,-0.23266647,-0.18785571,0.31259981,0.064713994,-0.30378846,0.4218341,0.10509991,-0.15555198,-0.26457786,-0.42994704,0.13402271,-0.30171346,0.26228975,-1.7103285,-0.42651623,0.094046551,-0.0053495274,0.35978236,-1.4309277,0.38008662,0.46561075,0.36184565,0.45228745,-0.05927299,0.18414261,-0.32056625,-0.10478607,0.095584584,-0.064496664,-0.36783521,0.41069569,-0.484887,0.054704394,-0.37750071,-0.59916995,-0.39631232,-1.149793,-0.31446503,-0.60651899,-0.29964684,-1.0347976,-1.9809566,-2.2342479,0.034555269,-0.11333416,-0.021472972,0.044410902,0.047917334,-0.13580264,-0.07875058,0.23870963,-0.16798384,-0.28358176,-0.79664208,-0.51464889,0.073674612,0.087841835,-0.45065689,-0.27100654,0.072515611,0.17172907,-0.020490901,-0.14901614,0.27306229,0.40598561,0.25218916,0.36906832,0.099068385,-0.4894317,0.095609837,-0.10157395,-0.15181224,0.20736109,-0.20105587,0.27044837,0.058847114,-1.1808066,-0.38444623,0.59239723,-0.11326862,0.31266339,0.29557708,0.46938045,-0.034881688,-0.022528572,-0.38566288,0.15118237,0.34457731,-0.064978228,0.20520217,-0.32082841,0.34129301,0.071790887,0.13460127,0.17951956,0.38063418,0.21460249,0.18658074,0.20233596,0.052986251,-0.17090108,-0.031481952,0.18320961,0.44315475,-0.026899908,0.42718139,0.32782517,0.08980611,0.20212543,-0.29745186,-0.55571063,-0.12570453,0.44566238,-0.18449018,0.22457094,-0.12010393,-2.749812,0.28760944,0.075559387,0.054128333,0.23690108,0.35777832,0.37570143,0.20873345,0.29659596,-0.18881362,0.19700387,0.14661068,-0.15755253,-0.49538581,0.098954022,-0.21349279,-0.17210528,-0.12061326,-0.34275535,0.072162892,-0.42045556,-0.020215239,-0.22833849,-0.62601096,-0.4495089,-0.2603176,-0.54851102,0.12022977,-0.12986525,-0.16713293,-0.29643922,0.049221805,0.34783012,0.19100315,0.17572833,0.38473279,-0.13646863,0.18730104,0.22194214,-0.46872441,0.18281738,-0.076307889,-0.45125257,-0.082389774,0.16859436,0.024070291,-0.20453524,-0.20570192,-0.14478997,-0.32768094,-0.62913826,-0.63631139,0.33811312,-0.18008916,-0.11364775,-0.17439698,0.13355173,-0.20034066,-2.5223568,-0.12482946,-0.78479973,-0.20608515,-0.86389489,0.30067574,-0.91141654,0.086495681,-0.049485694,-0.68586992,0.066015973,0.077538629,-0.25022354,0.26550123,0.23238618,-0.12967143,0.12424683,-0.0012772348,-0.18603573,-0.52620453,0.1756371,-0.44424334,-0.19137606,-0.20056213,0.36157404,0.15356259,-0.34446178,0.33762456,0.031467946,0.41296586,-0.085306456,0.34580536,-1.0323973,-0.19575126,0.1244377,0.086717704,0.35192139,-0.76374261,0.069719773,-1.82574,-0.1967351,0.31342688,0.056294867,-0.11118344,0.14249866,-0.29244488,0.13770495,0.1156604,0.24203746,0.091482458,0.080469973,0.22851588,0.23281859,-0.16667144,-0.23980441,-0.056745729,-0.12527601,-0.059505598,-0.68235336,0.055029437,0.34644227,0.42997166,0.17886485,-0.045592373,0.086175604,-0.42895609,-0.054117734,-1.1152815,0.45915359,0.65366791,0.45526476,-1.1638172,-1.3685343,-0.081626498,-0.31920054,-0.1412041,0.07877487,-0.096729588,0.029396697,0.05014158,-0.49084492,-2.6024947,-0.47354382,-0.47667059,-2.2883654,-1.7662048,-1.9631407,-0.55657302,0.29786158,0.11151311,0.6306058,0.13254443,0.3412473,-1.0229527,0.077943473,0.23566068,0.070718944,0.28894374,-0.072276787,-0.089996238,-1.2068825,0.014078216,-0.088288184,0.28781848,0.30798549,-0.095724033,-0.70101463,0.16395099,0.4179201,-0.084748969,0.060195458,-0.88193555,-0.31813045,-0.10087812,0.24296232,-1.0933545
-48.999927,1,2.2911677e-06,12,4095,0,49.629507,0.23602291,1.5295363,0.15355657,0.4516842,0.5,-0.30611942,0.021702734,-0.23657374,-0.18732512,0.31153288,0.06470853,-0.30643396,0.41998272,0.10550808,-0.15464694,-0.26295796,-0.42751363,0.13457858,-0.30427289,0.26159413,-1.7035454,-0.42446269,0.094432251,-0.0044142989,0.35855096,-1.4251995,0.37828601,0.46352141,0.36032461,0.45048976,-0.058653972,0.18349204,-0.32331882,-0.10453679,0.095680163,-0.06425272,-0.36669999,0.41008199,-0.48316836,0.054898815,-0.3760445,-0.59660055,-0.39470413,-1.1452662,-0.31273938,-0.60368636,-0.298276,-1.0305432,-1.9738345,-2.2259758,0.035304885,-0.11190446,-0.020274594,0.044352257,0.048138995,-0.1352425,-0.078100075,0.23786819,-0.16749087,-0.28294137,-0.79251554,-0.51138176,0.072999398,0.088187527,-0.44913325,-0.26981156,0.072653813,0.17097895,-0.01991148,-0.14779608,0.27203451,0.40496677,0.25225674,0.36874236,0.099461164,-0.48786016,0.094656545,-0.10124893,-0.15016833,0.20646456,-0.20044782,0.26847291,0.058121481,-1.1770831,-0.3835924,0.59054967,-0.11179561,0.3128403,0.2955167,0.46880133,-0.033632422,-0.022586963,-0.38333991,0.15051101,0.34231064,-0.064763796,0.20415482,-0.32464898,0.34013474,0.071957932,0.13495855,0.1794485,0.38002057,0.21449399,0.18637392,0.20188638,0.053057289,-0.17390779,-0.030282167,0.18385007,0.4428494,-0.025203632,0.42722983,0.32837463,0.090809136,0.20234806,-0.29686548,-0.55373225,-0.12494347,0.44432845,-0.18332583,0.2238138,-0.11906455,-2.7391912,0.28752115,0.076465547,0.055212367,0.23736906,0.35779625,0.37568399,0.20943723,0.2943386,-0.18693482,0.1950062,0.1470607,-0.15673594,-0.49362937,0.098853984,-0.21213468,-0.17143139,-0.11988841,-0.3411423,0.072182726,-0.41855182,-0.019262392,-0.2265482,-0.62275053,-0.44761074,-0.25887846,-0.54588816,0.12052927,-0.12854178,-0.16561514,-0.2944168,0.049479326,0.34684259,0.19035114,0.17543199,0.38343759,-0.13578029,0.18694185,0.22162544,-0.46640426,0.1829095,-0.075606163,-0.44946484,-0.081668195,0.16808553,0.024371813,-0.20296602,-0.20454488,-0.14416901,-0.32608918,-0.62623951,-0.63375131,0.33602718,-0.17895191,-0.11313473,-0.1727736,0.13366065,-0.19871628,-2.5123568,-0.1231563,-0.78259141,-0.20556993,-0.85955424,0.30089882,-0.90679966,0.085903188,-0.049144771,-0.68247804,0.06634461,0.07752996,-0.24914752,0.26481225,0.232077,-0.12929574,0.12489384,-0.001257041,-0.18443142,-0.52363774,0.17451297,-0.44299734,-0.19114309,-0.19977878,0.36098774,0.15418189,-0.34385094,0.33782695,0.032477599,0.41190407,-0.084368326,0.34461391,-1.0282217,-0.1946608,0.12384366,0.086746639,0.35094287,-0.76057133,0.070273652,-1.8195768,-0.19916871,0.31132422,0.056233475,-0.11094523,0.1413149,-0.29200109,0.13605429,0.11480615,0.24092676,0.090788928,0.079543484,0.2272791,0.23304994,-0.16660032,-0.23967963,-0.056868292,-0.12481044,-0.058705364,-0.67975266,0.055799492,0.34542667,0.42874528,0.17922471,-0.04425412,0.087129734,-0.42801699,-0.052383809,-1.1122772,0.4591024,0.65223195,0.45467444,-1.1598461,-1.3625919,-0.084018553,-0.31656847,-0.13954298,0.079353598,-0.095713387,0.030321151,0.050734517,-0.48798063,-2.5924072,-0.47119444,-0.47446033,-2.2798318,-1.7590944,-1.9555144,-0.5547977,0.2977771,0.11247218,0.62869628,0.13375783,0.34122741,-1.0178662,0.079326179,0.2365772,0.07183985,0.28887576,-0.072052465,-0.089205766,-1.2025743,0.014387542,-0.087323216,0.2874749,0.30702215,-0.094683485,-0.6981666,0.16390928,0.41676889,-0.084617147,0.061200612,-0.87938226,-0.31720304,-0.10048579,0.24315629,-1.0899053
-48.524175,1,2.2911677e-06,12,4095,0,51.066671,0.23681837,1.5264412,0.15451008,0.45235785,0.5,-0.3052991,0.023876511,-0.23260828,-0.18577084,0.31500107,0.067054587,-0.30231269,0.42396119,0.10776833,-0.15295307,-0.26195985,-0.42741516,0.13678766,-0.30001795,0.26499772,-1.708432,-0.42417376,0.096707785,-0.0026976035,0.36199859,-1.4288399,0.38229161,0.46775564,0.36420099,0.45462851,-0.05668305,0.18664043,-0.31914458,-0.10238015,0.097824803,-0.061972417,-0.36558108,0.41333796,-0.48256432,0.056886934,-0.37505914,-0.59670198,-0.39433133,-1.1476505,-0.3119151,-0.60420396,-0.29743081,-1.0327771,-1.9795584,-2.2328452,0.037298764,-0.11063344,-0.018730686,0.046940852,0.05062314,-0.13338419,-0.076115745,0.24089099,-0.16604776,-0.28179878,-0.7941186,-0.51195228,0.075827846,0.090335432,-0.44849235,-0.26856322,0.075187058,0.17408857,-0.018063705,-0.14657253,0.27522864,0.40875741,0.25520252,0.37209076,0.10178735,-0.48753633,0.097620194,-0.099237678,-0.14917497,0.20979831,-0.19872078,0.27243763,0.061234051,-1.1789146,-0.38210844,0.59428869,-0.11096153,0.31536377,0.29810667,0.4720687,-0.032400363,-0.019959734,-0.38346543,0.15381974,0.34659815,-0.062274585,0.20787575,-0.32024819,0.34423713,0.073842848,0.13699757,0.18177778,0.38310182,0.21692922,0.1887924,0.20448366,0.055107833,-0.1699429,-0.028899023,0.18595208,0.44592143,-0.024256108,0.42994945,0.33055818,0.09213094,0.20427511,-0.29478769,-0.5529528,-0.12268491,0.44769442,-0.18253682,0.22649535,-0.11793094,-2.7487591,0.29014816,0.07808461,0.05664586,0.23947171,0.36033871,0.37823635,0.21122395,0.29892471,-0.18664922,0.1992767,0.14882251,-0.15449421,-0.49267156,0.10206317,-0.21042309,-0.17042493,-0.11869074,-0.34001708,0.074284193,-0.41783275,-0.017714374,-0.22591037,-0.62377669,-0.4469536,-0.25757096,-0.54586978,0.12318322,-0.12702947,-0.16434214,-0.29374532,0.051764992,0.35040807,0.19341955,0.17837164,0.38726987,-0.13404232,0.18998972,0.22474014,-0.46648079,0.18547491,-0.073745669,-0.4492638,-0.079854251,0.1709091,0.026501091,-0.20185168,-0.20335233,-0.14253822,-0.32543381,-0.62687194,-0.63425364,0.3398583,-0.17771983,-0.11132185,-0.1717491,0.13611519,-0.19773361,-2.5208923,-0.12206569,-0.78313031,-0.20384238,-0.86157815,0.3035606,-0.90916176,0.089009333,-0.046752094,-0.68376714,0.068290841,0.079723771,-0.24781556,0.26821327,0.23487771,-0.12737453,0.12700328,0.0011832778,-0.18357511,-0.5240084,0.17781434,-0.44219322,-0.18918095,-0.19801171,0.36407762,0.15624547,-0.3423458,0.3404829,0.033974073,0.41521504,-0.08307021,0.3479384,-1.0301806,-0.1931449,0.12640066,0.089392017,0.35432656,-0.76175078,0.07234529,-1.8244331,-0.19515058,0.31532999,0.058830052,-0.10898812,0.14448673,-0.2906047,0.13945177,0.1178962,0.24439206,0.093655463,0.082469895,0.23070886,0.23571994,-0.16464616,-0.23792743,-0.054499797,-0.12290449,-0.057035266,-0.68052276,0.058016665,0.34905248,0.43261397,0.18180011,-0.042743117,0.08907332,-0.42708597,-0.05125512,-1.1138783,0.46219037,0.65616747,0.45787513,-1.161771,-1.3667824,-0.080039494,-0.31664735,-0.13874175,0.081224805,-0.094395516,0.032079196,0.052716077,-0.48831766,-2.6011647,-0.47121153,-0.47436503,-2.2869462,-1.7642625,-1.9613821,-0.55487566,0.30085679,0.11456819,0.63296101,0.13562498,0.34410792,-1.0206925,0.080862614,0.23866648,0.07338985,0.29150636,-0.069720021,-0.087110352,-1.2056505,0.016234778,-0.086000587,0.29027761,0.31006926,-0.093469475,-0.6992874,0.1662546,0.42015808,-0.082195569,0.062833496,-0.8800106,-0.31572043,-0.098289915,0.24567535,-1.0915388
-48.529414,0.88909327,2.2911677e-06,12,4095,0,48.927695,0.23695119,1.5241702,0.15463169,0.45339713,0.5,-0.30592889,0.024256692,-0.22945257,-0.18567253,0.31647175,0.067653599,-0.29981153,0.42599425,0.10812551,-0.15301411,-0.26258869,-0.42871981,0.13705289,-0.29752665,0.26625258,-1.7133993,-0.42522576,0.097080978,-0.0027676937,0.36355218,-1.4329089,0.38430361,0.46998894,0.366027,0.45667755,-0.05651698,0.18780082,-0.31657122,-0.10196851,0.098315643,-0.061523946,-0.3659217,0.41451055,-0.48335393,0.057282624,-0.37560562,-0.59813371,-0.39512514,-1.1507411,-0.31264745,-0.60588819,-0.29796996,-1.0356822,-1.9849345,-2.2391422,0.037402524,-0.11108681,-0.018987077,0.047633968,0.051139674,-0.13321822,-0.075962765,0.24211895,-0.16595977,-0.28187135,-0.79678358,-0.51388059,0.076912734,0.090694903,-0.44916877,-0.26889944,0.075761268,0.175291,-0.01791011,-0.14692817,0.27660292,0.41029217,0.25592762,0.37313523,0.10217061,-0.48832479,0.098889501,-0.098905633,-0.14981742,0.21114011,-0.1986163,0.27452943,0.062423009,-1.1814308,-0.38220124,0.59625886,-0.11155691,0.315916,0.29880273,0.47322662,-0.03276872,-0.019256717,-0.38477258,0.15503455,0.34893793,-0.061753615,0.20940346,-0.31702533,0.34593057,0.074225032,0.13732153,0.18240772,0.38422635,0.2176081,0.18951856,0.20538728,0.055585786,-0.1672814,-0.029199993,0.18614351,0.44688003,-0.024938576,0.43062375,0.33082026,0.091917595,0.20464003,-0.29457691,-0.55383214,-0.12251587,0.4492821,-0.1829816,0.22758525,-0.11821543,-2.7570347,0.29086914,0.078003566,0.056420072,0.23975479,0.36098064,0.37889982,0.21129598,0.30133995,-0.18760882,0.20146222,0.14902189,-0.15435927,-0.49338481,0.10294783,-0.21071895,-0.17055141,-0.11879167,-0.3406081,0.074803266,-0.41868841,-0.017839753,-0.22672728,-0.62582571,-0.44782335,-0.25802,-0.54729689,0.12370527,-0.12736101,-0.16484175,-0.2946761,0.052208431,0.35186359,0.19455892,0.17928729,0.38896336,-0.13397684,0.1909683,0.22571473,-0.46777344,0.1860829,-0.073653503,-0.45019955,-0.079785297,0.17190555,0.026878528,-0.20242183,-0.20368339,-0.14246642,-0.32614156,-0.62862255,-0.63578996,0.34197476,-0.17802954,-0.11114325,-0.17237224,0.13668377,-0.19836878,-2.5285578,-0.12269706,-0.78449205,-0.20368883,-0.86447119,0.30412604,-0.91229324,0.090126374,-0.046324091,-0.68595756,0.068604259,0.08028306,-0.24806613,0.26946391,0.23576273,-0.12709404,0.12719313,0.0017939536,-0.18423405,-0.52551177,0.17926769,-0.44267871,-0.18881447,-0.19798886,0.36518977,0.15643754,-0.34230445,0.34105786,0.033804706,0.41664155,-0.083256265,0.34943671,-1.0329692,-0.19335263,0.12736902,0.090054618,0.35572766,-0.76379506,0.072573881,-1.8290657,-0.19278884,0.31750273,0.059526887,-0.10862515,0.14593583,-0.29050451,0.14121096,0.11914779,0.24588415,0.094760588,0.083714598,0.23225811,0.23628299,-0.16419626,-0.23756154,-0.053833746,-0.12267554,-0.057046946,-0.6821538,0.05817054,0.35053946,0.43428148,0.18226911,-0.043082546,0.089055319,-0.4273749,-0.051908188,-1.1159521,0.46301828,0.65797089,0.45902063,-1.1644432,-1.3711143,-0.077706759,-0.3181052,-0.13944563,0.081385641,-0.094617474,0.032026207,0.052899376,-0.48996902,-2.6089371,-0.47250344,-0.47555282,-2.2934482,-1.7694798,-1.9670636,-0.55588164,0.30169927,0.11458915,0.63511075,0.13544888,0.34486199,-1.0241993,0.080506697,0.23870823,0.073176255,0.29221748,-0.069247044,-0.087001062,-1.2088148,0.016531122,-0.086194158,0.29118181,0.31136955,-0.09373263,-0.70114472,0.16687324,0.42165382,-0.081649557,0.062703765,-0.88157939,-0.31585194,-0.0979431,0.24621709,-1.0938558
-48.930231,0.87025978,2.2911677e-06,12,4095,0,51.521128,0.23687595,1.5302952,0.15479248,0.44977813,0.5,-0.30322706,0.024233285,-0.23820236,-0.185045,0.31339472,0.066982068,-0.30612874,0.4212288,0.10821868,-0.15179485,-0.25980794,-0.42411405,0.13742894,-0.30374449,0.2638754,-1.6989624,-0.42137025,0.097127933,-0.0015060543,0.36018126,-1.4208734,0.37962938,0.46464662,0.36193096,0.4519297,-0.055923107,0.18562522,-0.32311174,-0.1021032,0.097910742,-0.061724505,-0.36404015,0.4123355,-0.48022286,0.057122285,-0.37310444,-0.59320139,-0.39208571,-1.1413671,-0.30960432,-0.60030989,-0.29555666,-1.0268518,-1.9695307,-2.2212167,0.038214835,-0.10875966,-0.017186289,0.046761304,0.050805875,-0.13267583,-0.075319483,0.23965581,-0.16534904,-0.28086592,-0.78845453,-0.50751388,0.07484585,0.090728377,-0.44639499,-0.26697327,0.075258465,0.17295705,-0.017331288,-0.14494806,0.27372546,0.40714322,0.25511195,0.3714358,0.10220728,-0.48532566,0.09626775,-0.098843307,-0.14699123,0.20844118,-0.19792987,0.26957741,0.060140656,-1.1737031,-0.38097175,0.59157023,-0.10895898,0.31548319,0.29791957,0.47110468,-0.030739718,-0.020143328,-0.38026007,0.15275226,0.34327302,-0.062099173,0.20625946,-0.32576597,0.34239465,0.074062678,0.13742422,0.18162524,0.38213307,0.21671108,0.18845622,0.20381481,0.055181201,-0.17427401,-0.027325155,0.18671724,0.44533962,-0.021995235,0.42987472,0.33120054,0.093476568,0.20455524,-0.29408108,-0.55032461,-0.12180075,0.44574945,-0.18090519,0.2254279,-0.1165114,-2.7337969,0.28992033,0.079259133,0.05807102,0.24002497,0.36025741,0.37810919,0.21212333,0.29556605,-0.18405485,0.19634457,0.14941182,-0.15353911,-0.49034532,0.10172234,-0.20871475,-0.16942986,-0.11766691,-0.33789608,0.074285686,-0.41528674,-0.016471781,-0.22348666,-0.61927084,-0.44440352,-0.25569378,-0.54232471,0.12343097,-0.12532837,-0.16236199,-0.29104479,0.052026067,0.34888102,0.19241609,0.17783327,0.38529615,-0.13315663,0.18935398,0.2241439,-0.46328855,0.18548224,-0.072865435,-0.44676934,-0.078941661,0.17012829,0.026843886,-0.19978139,-0.20179955,-0.14171609,-0.32325746,-0.62287761,-0.63069529,0.33686335,-0.17619812,-0.11066356,-0.16959631,0.13616321,-0.19557285,-2.506865,-0.11986211,-0.77999063,-0.20316455,-0.85558011,0.3037128,-0.90276688,0.088079869,-0.046405429,-0.67905637,0.068698229,0.079673639,-0.2463856,0.26709935,0.234346,-0.1269024,0.12777417,0.0011275978,-0.18141676,-0.52046415,0.17618023,-0.44046197,-0.18888796,-0.19701426,0.36314268,0.15699066,-0.3415094,0.34061091,0.035295916,0.41363349,-0.081803259,0.34619641,-1.0243992,-0.19172953,0.12556372,0.08930898,0.35284401,-0.75732941,0.073007699,-1.8157235,-0.19869041,0.31228512,0.058645379,-0.10869044,0.14280454,-0.28995444,0.13713983,0.11664274,0.2427383,0.092642609,0.081158451,0.22890366,0.23588082,-0.16454981,-0.23772804,-0.054715754,-0.12231995,-0.056001511,-0.67686838,0.058919084,0.34747893,0.43071587,0.1821361,-0.041021853,0.090250316,-0.42574955,-0.048980733,-1.1095805,0.4619249,0.65394718,0.45690971,-1.1562433,-1.3584569,-0.083548022,-0.31306782,-0.13650309,0.081952604,-0.093036388,0.033250961,0.053442037,-0.48441404,-2.5869936,-0.46799377,-0.47133669,-2.274956,-1.7543444,-1.9507144,-0.55234684,0.30055309,0.11572534,-0.071265826,0.13713665,0.34391916,-1.0136434,0.08263864,0.23977677,0.07484023,0.2913026,-0.069505013,-0.08616202,-1.199514,0.016636177,-0.08470507,0.28970073,0.30867077,-0.092062701,-0.69527092,0.16613554,0.41844712,-0.082108703,0.06412681,-0.87643427,-0.31449613,-0.097845494,0.24581652,-1.0866968
-48.633928,1,2.2911677e-06,12,4095,0,49.732431,0.23576091,1.5327192,0.15518216,0.45013308,0.5,-0.30150063,0.024881664,-0.24186031,-0.18368585,0.31275693,0.067569542,-0.30825324,0.41965568,0.10870595,-0.15083888,-0.25836054,-0.42197007,0.13791348,-0.30602072,0.26328142,-1.6929318,-0.41926128,0.097606298,-0.0005900834,0.35954073,-1.4158366,0.37811053,0.46249542,0.3606775,0.45007922,-0.055168947,0.18540453,-0.32534742,-0.10137133,0.098704712,-0.061158648,-0.36245515,0.41183973,-0.47831721,0.058074075,-0.37154269,-0.59088912,-0.38982638,-1.1372516,-0.30799504,-0.59761151,-0.29377041,-1.0227705,-1.9626176,-2.2135003,0.038871319,-0.10754157,-0.016183443,0.047065226,0.051099515,-0.13173445,-0.07459892,0.23963223,-0.16382866,-0.27902415,-0.78507475,-0.5049505,0.075122799,0.091393067,-0.44442235,-0.26560424,0.075527776,0.17283148,-0.016397688,-0.14356157,0.27349101,0.40596515,0.25485491,0.37076171,0.10261603,-0.48297018,0.096465122,-0.0979688,-0.14553219,0.20803799,-0.19683601,0.26828727,0.060075082,-1.1697992,-0.37967201,0.59001588,-0.10719474,0.31574463,0.29818282,0.47056037,-0.029359525,-0.019869445,-0.37775759,0.15234567,0.34124369,-0.061786258,0.20537417,-0.32960601,0.3408573,0.075161559,0.13822704,0.18224734,0.38188999,0.21720566,0.18902004,0.20424002,0.056116133,-0.176927,-0.026115923,0.18731255,0.44501741,-0.020453686,0.42993387,0.33177508,0.094898687,0.2055729,-0.2933971,-0.54879202,-0.12149256,0.44512394,-0.1789281,0.22584462,-0.1149069,-2.7239576,0.29014575,0.080333929,0.059296268,0.24070956,0.36055664,0.37840846,0.2131136,0.29321142,-0.181803,0.1947537,0.1505344,-0.15323766,-0.48891446,0.10122165,-0.20803926,-0.1674534,-0.11596998,-0.33661022,0.075177714,-0.41364562,-0.015347627,-0.22165948,-0.61614808,-0.44267813,-0.25454357,-0.54019632,0.12345755,-0.12437022,-0.16120332,-0.28939879,0.052558752,0.34806583,0.19229837,0.17775168,0.38408742,-0.13213448,0.18915173,0.22382399,-0.46086101,0.18571984,-0.07201371,-0.44439211,-0.078040604,0.17029145,0.027559199,-0.19845023,-0.20033981,-0.14051585,-0.32135435,-0.62007006,-0.62786101,0.33560059,-0.17477809,-0.10963983,-0.16817227,0.13654216,-0.19410003,-2.4979856,-0.11853699,-0.77686814,-0.20201434,-0.85178175,0.30377112,-0.89867972,0.087947506,-0.046042255,-0.6756758,0.069634707,0.08045863,-0.24505594,0.26650481,0.23443639,-0.12593554,0.12834381,0.0015946601,-0.17976656,-0.51779951,0.17591069,-0.43852702,-0.18787168,-0.19607662,0.36289,0.15763921,-0.34009457,0.34069025,0.036468403,0.41311998,-0.080354259,0.34573934,-1.0206275,-0.19064884,0.12613517,0.089484575,0.35227472,-0.75397806,0.073666129,-1.809355,-0.20080684,0.31081271,0.058937154,-0.10769393,0.14275786,-0.28831216,0.1368856,0.11661972,0.24217931,0.092866527,0.081406449,0.22843063,0.23591886,-0.16343393,-0.23635917,-0.054060026,-0.12138666,-0.054957923,-0.67371161,0.059276653,0.34658542,0.42940263,0.18223777,-0.04005309,0.090880094,-0.42378585,-0.047707809,-1.1055224,0.46151726,0.65217792,0.45646492,-1.1523802,-1.3528105,-0.085873197,-0.31075708,-0.13479949,0.082860485,-0.091656228,0.034124587,0.054196514,-0.48194586,-2.5778909,-0.46565975,-0.4690692,-2.2670763,-1.7481374,-1.9439112,-0.54959147,0.30017395,0.11616045,-0.073659966,0.13776444,0.34377924,-1.0092218,0.083599919,0.24028854,0.075900786,0.29151503,-0.068993546,-0.08566271,-1.1943771,0.017714126,-0.083302642,0.28978625,0.308595,-0.090561169,-0.69180778,0.16672506,0.41782357,-0.081656088,0.065131051,-0.87339291,-0.3132587,-0.097247891,0.24607028,-1.0828926
-48.517525,1,2.2911677e-06,12,4095,0,50.246691,0.23546388,1.5421139,0.15493775,0.44830783,0.5,-0.29863119,0.023651977,-0.25523812,-0.1838715,0.30699222,0.065399132,-0.31855219,0.41147646,0.10762083,-0.1502348,-0.25542364,-0.41628973,0.13723456,-0.31622201,0.2584934,-1.6724665,-0.4146675,0.096452869,7.6164728e-05,0.35338368,-1.3989924,0.37003848,0.45348639,0.35342035,0.4418892,-0.05549587,0.1809534,-0.33596093,-0.10276061,0.096957055,-0.062667398,-0.36080443,0.40737897,-0.47481219,0.056703221,-0.36899881,-0.5847175,-0.38638255,-1.1243907,-0.30465448,-0.59043993,-0.29130636,-1.0106914,-1.9406222,-2.1877401,0.038847069,-0.10529304,-0.014728107,0.044552512,0.049362133,-0.13211052,-0.074862138,0.23481947,-0.16400787,-0.27858959,-0.77383711,-0.49667305,0.070892792,0.090252357,-0.44141935,-0.26391549,0.073545321,0.16816933,-0.016712057,-0.1417835,0.26806614,0.40003014,0.25234327,0.3669308,0.10143552,-0.47957853,0.091432524,-0.09904741,-0.1425254,0.20281765,-0.19698407,0.25982637,0.055472431,-1.1593642,-0.37902147,0.58203792,-0.10446081,0.31387197,0.29567004,0.46617346,-0.027509974,-0.02241657,-0.37214654,0.14770266,0.33175725,-0.063549987,0.19943996,-0.34313419,0.33430427,0.073816052,0.13721354,0.17993538,0.37758531,0.21470983,0.18629761,0.20076601,0.054390956,-0.18802172,-0.02451748,0.18693605,0.44147935,-0.017269346,0.42757607,0.33111193,0.096080198,0.20433043,-0.29390853,-0.54481567,-0.12172954,0.43877848,-0.17690793,0.22154109,-0.11348552,-2.6901932,0.28753336,0.081020642,0.060575958,0.23991504,0.35827954,0.37603613,0.21316908,0.28348832,-0.17761081,0.18597194,0.14998979,-0.15332738,-0.48562794,0.0980655,-0.20635662,-0.16681218,-0.11536824,-0.33380759,0.073284724,-0.40979019,-0.014491157,-0.21799176,-0.60749732,-0.43878404,-0.25231542,-0.53399694,0.12176341,-0.12259218,-0.15874777,-0.28520466,0.051081487,0.34240997,0.18791303,0.17435296,0.37743012,-0.13209424,0.18550425,0.22022224,-0.4553059,0.18359969,-0.0720447,-0.44036758,-0.077983185,0.1664733,0.026325505,-0.19573363,-0.1986909,-0.1405461,-0.31819231,-0.61264083,-0.62136619,0.32697334,-0.17321007,-0.11008975,-0.1652436,0.13455849,-0.1911345,-2.4666084,-0.11554175,-0.77120165,-0.20238854,-0.83966329,0.30188974,-0.88560041,0.083676985,-0.047412535,-0.66648365,0.06862828,0.078414144,-0.24372827,0.26173479,0.23112869,-0.12681488,0.12797388,-0.0005975605,-0.17673835,-0.51139445,0.17015702,-0.43633934,-0.18913589,-0.19583477,0.35864532,0.15724327,-0.34005048,0.33876486,0.037509869,0.40750126,-0.079321088,0.33979105,-1.0089793,-0.18944314,0.12234177,0.08713688,0.34680236,-0.74542125,0.073099651,-1.7904252,-0.21049444,0.3019917,0.056411057,-0.108938,0.13697192,-0.28857658,0.12974538,0.11171923,0.23631203,0.088556983,0.076472051,0.22228307,0.23404919,-0.16508356,-0.23770517,-0.056538732,-0.12203338,-0.054582464,-0.66688831,0.059107901,0.340807,0.4228808,0.18076253,-0.038231467,0.091399686,-0.42245076,-0.044592711,-1.0970248,0.4585907,0.64505131,0.4521092,-1.1412647,-1.3349618,-0.095439001,-0.30443089,-0.13158202,0.082529702,-0.090451147,0.034731112,0.05380272,-0.47484593,-2.5461145,-0.46008554,-0.46393018,-2.2404725,-1.726638,-1.9205674,-0.54536118,0.29717276,0.11656037,-0.082263375,0.13898402,0.34111088,-0.99460876,0.085516077,0.24059817,0.077168011,0.2889475,-0.070596151,-0.085683088,-1.1814481,0.016744943,-0.082225963,0.28639186,0.30345756,-0.089206958,-0.68408159,0.16446967,0.41191326,-0.083562189,0.066044554,-0.86681948,-0.31242596,-0.098324511,0.24424174,-1.0732898
-48.103368,1,2.2911677e-06,12,4095,0,49.318063,0.23448916,1.5443298,0.1555702,0.44927873,0.5,-0.29655686,0.024752089,-0.2588677,-0.18213597,0.30684579,0.066433634,-0.32034346,0.41034527,0.10858003,-0.14884779,-0.25359263,-0.41383383,0.13819737,-0.31813256,0.25842901,-1.6665399,-0.41224985,0.097404307,0.0014294733,0.35320753,-1.3939558,0.36897799,0.45176572,0.35265184,0.44050718,-0.054293219,0.18123467,-0.33787106,-0.10158194,0.098174333,-0.061637529,-0.35885694,0.40739054,-0.47257569,0.058065777,-0.36706963,-0.58211462,-0.38383754,-1.1201782,-0.30268172,-0.58749121,-0.28918013,-1.0065088,-1.9339181,-2.1803149,0.039967468,-0.10366366,-0.013291273,0.045335356,0.05014529,-0.13074373,-0.073688716,0.2352533,-0.16213149,-0.27642434,-0.77027103,-0.49383328,0.071626996,0.091364379,-0.43912507,-0.26215877,0.074305158,0.16852897,-0.015353755,-0.14001276,0.26829018,0.39938805,0.25262774,0.36681304,0.10232462,-0.47694877,0.092075728,-0.097742853,-0.14068175,0.20291535,-0.19547882,0.25898122,0.055902057,-1.1553404,-0.37732551,0.58086484,-0.10234925,0.31462249,0.29640843,0.46614011,-0.025739775,-0.021655183,-0.36937462,0.14781966,0.33015739,-0.06274668,0.19909239,-0.34684508,0.33333332,0.075311501,0.13845393,0.1809973,0.37782955,0.21565515,0.18730031,0.20163193,0.055738062,-0.19046171,-0.022897891,0.18800241,0.44167324,-0.015341347,0.42813846,0.33216152,0.097886677,0.20575335,-0.29276281,-0.54290688,-0.12092011,0.43858535,-0.17461429,0.2223794,-0.11152054,-2.6808629,0.2882409,0.08251925,0.062212126,0.24105724,0.35905699,0.37681121,0.21459165,0.28161123,-0.17505765,0.18487028,0.15151715,-0.15252413,-0.4838142,0.098129345,-0.20521489,-0.16452764,-0.11332833,-0.33212544,0.07459454,-0.40779133,-0.012949935,-0.21581731,-0.60416384,-0.43671042,-0.25075361,-0.53155803,0.12230886,-0.12119918,-0.1571744,-0.28319448,0.052075026,0.34210612,0.18828268,0.17477796,0.37672895,-0.13065383,0.18581851,0.22043185,-0.45260346,0.18432599,-0.07075544,-0.43771707,-0.076650181,0.16710484,0.027484854,-0.19400584,-0.1968562,-0.138949,-0.31596295,-0.60959792,-0.61830512,0.32610708,-0.17141073,-0.10865189,-0.16343069,0.13541137,-0.18927988,-2.4581341,-0.11381394,-0.76788481,-0.2008349,-0.83572422,0.30246132,-0.88140148,0.084050919,-0.046560279,-0.66292689,0.069982339,0.079623773,-0.24201134,0.26166832,0.23170348,-0.12543059,0.12901643,0.0003338101,-0.1747262,-0.50847886,0.17035675,-0.43408399,-0.18770677,-0.19446714,0.3588844,0.15835524,-0.33825938,0.3393561,0.03909308,0.4074492,-0.077498736,0.33978724,-1.0050741,-0.18794593,0.12333531,0.0878065,0.34672253,-0.74189425,0.074216828,-1.7842093,-0.21227436,0.300942,0.057182482,-0.10753073,0.13737046,-0.2865903,0.12991365,0.11216944,0.23624376,0.08923781,0.07716191,0.22228109,0.23460481,-0.16356992,-0.23596383,-0.055440138,-0.12067533,-0.053121052,-0.66354197,0.059963301,0.34043059,0.42208421,0.18137898,-0.036823478,0.092502454,-0.42017095,-0.042904883,-1.0928713,0.4587275,0.64374758,0.45216424,-1.137278,-1.3293779,-0.097449808,-0.30181527,-0.12951925,0.08386777,-0.088687255,0.036048891,0.055005752,-0.47209593,-2.5374431,-0.45746416,-0.46136967,-2.2328978,-1.7205516,-1.9139513,-0.5423774,0.29733849,0.11749135,-0.084225108,0.14009515,0.34148988,-0.99010969,0.086925326,0.24160225,0.07865556,0.28963913,-0.069615374,-0.084701468,-1.17634,0.018224418,-0.080444551,0.28695512,0.30382431,-0.087337049,-0.6804626,0.16550194,0.4117498,-0.082635134,0.067480327,-0.86357037,-0.31078927,-0.097265302,0.24498751,-1.0693614
-47.897793,1,2.2911677e-06,12,4095,0,49.466178,0.23517727,1.5425772,0.15600618,0.44548531,0.5,-0.29625621,0.025800486,-0.25661033,-0.18153465,0.3086347,0.067533104,-0.31813611,0.41248431,0.10972427,-0.14802282,-0.25312231,-0.41385367,0.13933891,-0.31580658,0.26023391,-1.6693046,-0.41222464,0.098554274,0.0022793611,0.35495882,-1.3960216,0.37112854,0.45412974,0.35471936,0.44280051,-0.053325636,0.18282868,-0.33562973,-0.10057409,0.099140108,-0.060528244,-0.35843428,0.40911012,-0.47239631,0.058929239,-0.36665762,-0.58225226,-0.38387696,-1.1215836,-0.30231908,-0.58789092,-0.28890741,-1.0078765,-1.9372578,-2.1842413,0.040989404,-0.10303242,-0.012507933,0.046617049,0.051419854,-0.12988533,-0.072700885,0.23670799,-0.16163081,-0.27612822,-0.77117152,-0.49415593,0.072937556,0.09240145,-0.43897492,-0.26161125,0.075595866,0.17006598,-0.014496482,-0.13947722,0.26985198,0.4014748,0.25424151,0.36866738,0.10351868,-0.47704001,0.093431006,-0.096829767,-0.14021234,0.20460768,-0.19471629,0.2610286,0.057430195,-1.1565449,-0.37669479,0.58287459,-0.10206125,0.3159155,0.29769758,0.46788087,-0.025195223,-0.020347281,-0.36961125,0.14953737,0.33249387,-0.061473823,0.20107356,-0.34430155,0.3356435,0.076080014,0.13939982,0.1820661,0.37939786,0.21680232,0.18840751,0.20282442,0.056615232,-0.18828042,-0.022245383,0.18907568,0.44330584,-0.014908595,0.42955827,0.33326656,0.098426527,0.20657198,-0.29172574,-0.5425061,-0.11967514,0.44027196,-0.17445054,0.22356654,-0.11111528,-2.6862871,0.28955012,0.08327432,0.062865947,0.24208023,0.36032288,0.37807635,0.21541902,0.28418103,-0.17510147,0.18714653,0.15226071,-0.15127569,-0.48333249,0.099911975,-0.20423782,-0.16433081,-0.11296182,-0.33154811,0.075497196,-0.40745733,-0.012235264,-0.21559609,-0.6048558,-0.43642886,-0.25008122,-0.53158069,0.12374683,-0.12039748,-0.15651063,-0.28287019,0.053199357,0.34399948,0.18981324,0.17628991,0.37879964,-0.12985565,0.18740359,0.22208523,-0.45279664,0.18563321,-0.069852753,-0.43784201,-0.075779449,0.16846618,0.028491467,-0.19345673,-0.1963641,-0.13825848,-0.31577659,-0.61006885,-0.61876972,0.3280625,-0.17089243,-0.10784351,-0.16294158,0.13663208,-0.18882283,-2.4629039,-0.11325927,-0.76849166,-0.20009981,-0.83690405,0.30388096,-0.88277676,0.085612472,-0.045330519,-0.66378822,0.070848341,0.080597682,-0.24142839,0.26347445,0.23310042,-0.12457399,0.13010055,0.0015145563,-0.17437934,-0.50883856,0.17196771,-0.4338831,-0.18686351,-0.19361783,0.36046467,0.15939297,-0.3376815,0.3407628,0.039782029,0.409128,-0.076986442,0.34143919,-1.0062388,-0.18720876,0.12445124,0.089161532,0.34846391,-0.74272902,0.075246294,-1.7871342,-0.21008915,0.30303267,0.058470568,-0.10668466,0.13885439,-0.28614727,0.1314864,0.11365712,0.23800692,0.090579956,0.078492426,0.22398621,0.23603375,-0.16278024,-0.23532728,-0.05436352,-0.11980603,-0.052345637,-0.66421244,0.061173962,0.34236828,0.42420898,0.18276639,-0.0360251,0.09353873,-0.41996207,-0.042309059,-1.0941081,0.46043018,0.64597529,0.45384672,-1.1384798,-1.3318359,-0.095232574,-0.30193442,-0.12920435,0.084740633,-0.088136784,0.036926877,0.055973062,-0.47234514,-2.5423652,-0.45760115,-0.46145598,-2.2369471,-1.7234482,-1.91726,-0.54273354,0.2990251,0.11865249,-0.081771456,0.14113572,0.34303029,-0.99172271,0.087745785,0.2427348,0.07941742,0.29096088,-0.068468947,-0.083583049,-1.1783711,0.019003685,-0.0799042,0.28834968,0.30528356,-0.086862869,-0.68134396,0.1665934,0.41348023,-0.081443572,0.068277332,-0.86414699,-0.31013169,-0.096180409,0.24628215,-1.0704831
-47.654543,0.91169699,2.2911677e-06,12,4095,0,51.671543,0.23457241,1.5480789,0.15619582,0.44905315,0.5,-0.29400512,0.025673102,-0.26480742,-0.18087179,0.30576999,0.066933172,-0.32396027,0.40799275,0.10959832,-0.14715717,-0.25095557,-0.41010962,0.13940579,-0.32164068,0.25787268,-1.6570251,-0.40900636,0.098392449,0.0031614454,0.35189231,-1.3858531,0.36672363,0.44895631,0.35084456,0.43818272,-0.052982161,0.18079324,-0.34166121,-0.10074052,0.098826785,-0.060821546,-0.35681506,0.40693851,-0.46977509,0.058862226,-0.36463032,-0.57821305,-0.38113349,-1.1136629,-0.29989717,-0.58321835,-0.28682035,-1.0003314,-1.9238979,-2.1687841,0.041437093,-0.10128019,-0.011216857,0.045735079,0.050902306,-0.12948771,-0.072342117,0.23457396,-0.16089676,-0.27497081,-0.76430952,-0.48901723,0.071223996,0.092322393,-0.4365593,-0.26006346,0.074952575,0.16796827,-0.014071602,-0.13787797,0.26732671,0.39828972,0.2531225,0.36673254,0.10331413,-0.47428284,0.091294327,-0.096790168,-0.13800388,0.20211997,-0.19414665,0.25654483,0.055394619,-1.1498478,-0.37566429,0.57845161,-0.099849997,0.31532178,0.2967964,0.46572201,-0.023559659,-0.021256389,-0.36574589,0.14733239,0.32715453,-0.061995911,0.19803366,-0.35260306,0.33200806,0.076089541,0.13944365,0.18141445,0.37741265,0.21600831,0.18753412,0.20153105,0.056374799,-0.19480633,-0.02079952,0.1893352,0.44165865,-0.012572672,0.42864584,0.33338565,0.099770329,0.20659681,-0.29150139,-0.53982472,-0.11948055,0.43710542,-0.17248695,0.22186813,-0.10958794,-2.6661902,0.28858761,0.08423821,0.064173104,0.24218126,0.35955217,0.37725964,0.21605341,0.27859764,-0.17199775,0.18238861,0.15266288,-0.15101607,-0.48101762,0.098382238,-0.20298811,-0.1630162,-0.11178192,-0.32951855,0.075160636,-0.4047858,-0.011173601,-0.21292105,-0.5993075,-0.43370402,-0.24837556,-0.5276064,0.12313602,-0.11897989,-0.15469054,-0.28003121,0.052904824,0.34111031,0.18785101,0.17482016,0.37524269,-0.12922775,0.18576344,0.22041644,-0.44899351,0.1849103,-0.069329595,-0.43477818,-0.075194025,0.16689772,0.028390809,-0.19144107,-0.19479583,-0.13758832,-0.31331492,-0.60523161,-0.61436028,0.32348598,-0.16937832,-0.10744583,-0.16078488,0.13603358,-0.1866296,-2.4443277,-0.11111121,-0.76434987,-0.19961287,-0.82945287,0.30319687,-0.87475315,0.083706962,-0.045644066,-0.65788194,0.070948554,0.080141365,-0.24006835,0.26112053,0.23174584,-0.12440368,0.13035066,0.00085388729,-0.17208043,-0.50453748,0.16927598,-0.43186729,-0.18685309,-0.19293222,0.3585055,0.15966483,-0.33688815,0.34006792,0.040951296,0.40637589,-0.075708866,0.33855489,-0.9990288,-0.18601011,0.12306815,0.088303112,0.34576961,-0.73713595,0.07543915,-1.7754358,-0.21561888,0.29827676,0.05757696,-0.10667382,0.13624289,-0.28540332,0.12812109,0.11149024,0.23513206,0.088802868,0.076424372,0.22101009,0.23534711,-0.16290929,-0.23520607,-0.055079011,-0.11953908,-0.051548934,-0.65951359,0.061426649,0.33938617,0.42066959,0.18229358,-0.034577452,0.094233492,-0.4183323,-0.040122292,-1.0882513,0.45904441,0.64189539,0.45174516,-1.1314826,-1.3209323,-0.10082087,-0.29780823,-0.1267913,0.085150372,-0.086807141,0.03776486,0.056287768,-0.46779828,-2.52351,-0.45382817,-0.45791562,-2.2210254,-1.7106106,-1.9033123,-0.53941636,0.29761848,0.11920893,-0.086873567,0.14216296,0.3418829,-0.98284203,0.089241316,0.24328663,0.080646975,0.29001125,-0.068830103,-0.083203084,-1.1699894,0.019180765,-0.078626098,0.28694847,0.30296263,-0.0854126,-0.67609283,0.16595368,0.41053577,-0.081973134,0.069316423,-0.85961711,-0.30904318,-0.096258095,0.24570646,-1.0642184
-47.666099,0.90400232,2.2911677e-06,12,4095,0,48.295653,0.23413278,1.5476536,0.15620255,0.44920831,0.5,-0.29413238,0.025728423,-0.26418702,-0.18067417,0.30603087,0.067114054,-0.32344662,0.40831294,0.10955875,-0.14726057,-0.25121614,-0.41050242,0.13929846,-0.32121781,0.25797731,-1.6580605,-0.40924052,0.098360781,0.0030284213,0.35222944,-1.3867505,0.36703603,0.44919982,0.35111408,0.43838783,-0.053025295,0.18100098,-0.34113282,-0.1006229,0.099028488,-0.060757321,-0.3568104,0.40703712,-0.46992433,0.05907299,-0.36477771,-0.57860815,-0.38111797,-1.1143302,-0.30015202,-0.58360256,-0.28685575,-1.0008881,-1.9247902,-2.1699214,0.04130156,-0.10153379,-0.011439381,0.045846313,0.050883883,-0.12944208,-0.072410551,0.23493273,-0.16062915,-0.27466128,-0.76504896,-0.48964659,0.071607543,0.092368699,-0.43659878,-0.26015817,0.074964531,0.16825224,-0.014039089,-0.13798173,0.26770158,0.39835138,0.2529896,0.36664057,0.10325553,-0.47421811,0.091777431,-0.09666019,-0.13827482,0.20238003,-0.19407022,0.25701345,0.055687973,-1.1502229,-0.37562749,0.57877973,-0.099943162,0.31531007,0.29689341,0.46578962,-0.023680548,-0.021153793,-0.36597111,0.14748724,0.32751791,-0.062003897,0.19820237,-0.35208962,0.33201397,0.076363728,0.13953346,0.18163761,0.37759692,0.21620561,0.18779904,0.20186054,0.056637802,-0.19428723,-0.020953665,0.18922598,0.44167369,-0.012841981,0.42862446,0.33330768,0.099772023,0.20681594,-0.29155143,-0.54021467,-0.11973651,0.43749755,-0.1723672,0.22233633,-0.10953549,-2.6676662,0.28868757,0.084171236,0.064075824,0.24218026,0.35962681,0.37735032,0.21604729,0.2788468,-0.17210823,0.1827634,0.15281661,-0.15129988,-0.4813444,0.098244002,-0.20339059,-0.16267659,-0.11155764,-0.32983183,0.075434246,-0.4051106,-0.011242854,-0.21313083,-0.59974165,-0.43399757,-0.2486561,-0.52808943,0.12299145,-0.11927388,-0.15500475,-0.2804084,0.052948059,0.34127571,0.18809194,0.17491159,0.37542234,-0.12921282,0.1858439,0.22043847,-0.44924094,0.18493089,-0.069378266,-0.43480368,-0.075235345,0.16716702,0.028476661,-0.19171918,-0.1948453,-0.1374836,-0.31341221,-0.60561065,-0.6145786,0.32401518,-0.16943257,-0.10735216,-0.16105662,0.1360936,-0.18688538,-2.4458505,-0.11144005,-0.76431194,-0.1994762,-0.83014758,0.30309647,-0.87547575,0.083917507,-0.045691016,-0.65829146,0.071094184,0.08038959,-0.24012516,0.26122084,0.23190065,-0.12426787,0.13023135,0.00098368243,-0.17226817,-0.5048154,0.16968247,-0.43179733,-0.18663571,-0.1929877,0.35867341,0.15958351,-0.33670669,0.33998462,0.040868791,0.40667652,-0.075665349,0.33893384,-0.99965487,-0.1861568,0.12351147,0.088331376,0.3460142,-0.73745304,0.075392268,-1.7760808,-0.21519929,0.29874489,0.057685328,-0.10646662,0.13674957,-0.28507301,0.12877481,0.11185491,0.23543814,0.089175051,0.076910508,0.22140226,0.2352382,-0.16258617,-0.23482279,-0.054821093,-0.11945359,-0.051578215,-0.65964207,0.061181456,0.33953901,0.42078308,0.18214736,-0.034874833,0.093994622,-0.41811479,-0.040497769,-1.0882561,0.45891335,0.64196036,0.4518501,-1.1319834,-1.3217241,-0.10048593,-0.2982376,-0.12698794,0.085174347,-0.086820866,0.037622794,0.056255331,-0.46827571,-2.5249953,-0.45411896,-0.45816586,-2.2222234,-1.7117337,-1.9044659,-0.53931002,0.29751395,0.11890234,-0.086789366,0.14180381,0.34182621,-0.98366376,0.088917591,0.24302166,0.080474897,0.29009413,-0.068775607,-0.08340727,-1.1702204,0.019382876,-0.078610276,0.28711606,0.30336051,-0.085398182,-0.67623062,0.16615126,0.41084136,-0.081896634,0.069179797,-0.85975981,-0.30906226,-0.096251614,0.24568617,-1.0645075
-47.728909,0.85991234,2.2911677e-06,12,4095,0,48.005058,0.23392181,1.5457318,0.15617319,0.44922281,0.5,-0.2948358,0.02585308,-0.26134316,-0.18064871,0.30710129,0.06748035,-0.32133857,0.40988619,0.10960088,-0.14755288,-0.25201111,-0.41185628,0.13922774,-0.31918476,0.25877226,-1.6623758,-0.41030902,0.09841984,0.0027057954,0.35342147,-1.3903515,0.36857933,0.45089511,0.35247339,0.4398967,-0.053118384,0.18179393,-0.33895461,-0.10043304,0.099331991,-0.060577992,-0.3572213,0.40777287,-0.47075086,0.059314988,-0.36543532,-0.58004717,-0.38183662,-1.1170986,-0.30101393,-0.58521076,-0.28743349,-1.003455,-1.929286,-2.1752204,0.041099149,-0.10220584,-0.011954568,0.046231928,0.051054682,-0.12947347,-0.072529794,0.23588343,-0.1605633,-0.27467821,-0.76758104,-0.49159761,0.072462602,0.092471886,-0.43727241,-0.26063516,0.075196945,0.16912863,-0.014089742,-0.13848117,0.26877561,0.39933882,0.25323051,0.36714577,0.10330335,-0.47489778,0.092837378,-0.096517747,-0.1390904,0.203345,-0.19412332,0.25871499,0.056555805,-1.1523932,-0.37584429,0.58033741,-0.10060588,0.31550793,0.29727153,0.46649478,-0.02420495,-0.020767759,-0.36721429,0.14828241,0.3293647,-0.06182247,0.19924344,-0.3493042,0.33307992,0.076638893,0.13963951,0.18205467,0.37835439,0.21664031,0.18831458,0.20254993,0.056973793,-0.19198645,-0.021453393,0.18909946,0.4421903,-0.01369168,0.4289036,0.33324804,0.099435915,0.20703911,-0.29161615,-0.54126627,-0.11997153,0.43876376,-0.17277613,0.22325921,-0.10987967,-2.6745661,0.28908544,0.083882689,0.063664414,0.24219185,0.35994891,0.37769916,0.21590434,0.28066437,-0.17303748,0.18446207,0.15287698,-0.15157724,-0.48223801,0.098596256,-0.20404971,-0.16271229,-0.11165525,-0.33063357,0.075806398,-0.40610326,-0.011561027,-0.21402519,-0.60163985,-0.43497818,-0.24933829,-0.52958616,0.12307941,-0.11988652,-0.15574832,-0.2814936,0.053109351,0.34227035,0.18889298,0.17544508,0.3766154,-0.12933574,0.18641579,0.22096781,-0.45048579,0.18519301,-0.069526757,-0.43564808,-0.075395024,0.16788197,0.02862017,-0.1924867,-0.19528903,-0.13754074,-0.31414906,-0.60726076,-0.61596904,0.32579314,-0.16986518,-0.10734208,-0.16185836,0.13635484,-0.18768365,-2.452362,-0.11228859,-0.76540459,-0.19945382,-0.83280712,0.30324317,-0.87832065,0.084676982,-0.045602185,-0.66026924,0.071232714,0.080773591,-0.24051639,0.26201002,0.23245628,-0.12415711,0.13009867,0.0013231458,-0.17303741,-0.50622698,0.1708314,-0.43226335,-0.18640899,-0.19318764,0.35940958,0.15947757,-0.33673143,0.34014913,0.040508973,0.4077487,-0.07594682,0.34011111,-1.0021873,-0.18658036,0.12432487,0.088638505,0.34702248,-0.73926263,0.075338261,-1.7798942,-0.2132558,0.30052069,0.058071703,-0.10624917,0.13796282,-0.28495513,0.13032612,0.11282088,0.23655108,0.090038093,0.077953947,0.22261796,0.23537821,-0.16222869,-0.2344835,-0.054355131,-0.11941367,-0.051787086,-0.66103636,0.060939242,0.34054884,0.42191376,0.18219499,-0.035498805,0.093633443,-0.41834413,-0.041397241,-1.0898686,0.45923073,0.6431965,0.45257146,-1.1343472,-1.3254409,-0.098601653,-0.29973039,-0.12779697,0.085120492,-0.08716651,0.037304789,0.056179486,-0.46992894,-2.5315531,-0.45539281,-0.45933906,-2.2277058,-1.716282,-1.9093537,-0.54011151,0.29786014,0.11852167,-0.085253258,0.14124542,0.34214085,-0.98683578,0.088257821,0.24267868,0.080020852,0.29047371,-0.068585517,-0.083649883,-1.1727413,0.019548656,-0.078915831,0.28769566,0.30439682,-0.085753471,-0.67778873,0.16654291,0.4119715,-0.081639955,0.068809925,-0.86111804,-0.30934404,-0.096182896,0.2458715,-1.0664814
-47.838223,1,2.2911677e-06,12,4095,0,49.556846,0.23507711,1.5467771,0.15592631,0.44741655,0.5,-0.29499369,0.025251072,-0.26269553,-0.1816362,0.30605589,0.066559967,-0.32278691,0.40880966,0.10924622,-0.14775595,-0.25182029,-0.41133954,0.13904543,-0.32040604,0.25810355,-1.6602759,-0.41019912,0.098045396,0.0025786923,0.35219738,-1.3885882,0.36750517,0.45008152,0.35146789,0.4391278,-0.053471327,0.18084226,-0.34042387,-0.10119951,0.098352705,-0.061202393,-0.35771778,0.40712403,-0.47085648,0.058307445,-0.3655385,-0.57952614,-0.38237305,-1.1159105,-0.30084108,-0.58472562,-0.28782908,-1.0025515,-1.927572,-2.1728896,0.040985124,-0.1020302,-0.01185505,0.045497019,0.05065139,-0.13005989,-0.072817175,0.23454918,-0.16173385,-0.27596557,-0.76619844,-0.4904851,0.071038269,0.091892717,-0.4376623,-0.26086961,0.07471739,0.16798044,-0.014641075,-0.13869314,0.26741807,0.39883121,0.25313976,0.36697618,0.10299963,-0.47556427,0.091167744,-0.097319022,-0.13887601,0.20227459,-0.19479335,0.25722407,0.055371707,-1.1519577,-0.37642056,0.5792803,-0.10085568,0.31508958,0.29657999,0.46592916,-0.024375572,-0.021482274,-0.3671373,0.14746945,0.32822793,-0.06225588,0.19842798,-0.35043623,0.33272837,0.075465674,0.13894551,0.18102854,0.37747621,0.21568516,0.18718513,0.20126402,0.055833531,-0.19330839,-0.021534089,0.18891703,0.44173741,-0.013490122,0.42851826,0.33298173,0.098946719,0.20600854,-0.29195595,-0.54074481,-0.11976846,0.43741901,-0.1735751,0.22162758,-0.11049762,-2.671404,0.28838833,0.083580416,0.063435247,0.24173058,0.35931206,0.37702221,0.2154453,0.27981932,-0.17325395,0.18320755,0.1520097,-0.15130293,-0.48187764,0.098524003,-0.20347784,-0.164077,-0.11271672,-0.33030391,0.074640968,-0.4057509,-0.011856313,-0.21397434,-0.60103638,-0.43470807,-0.24909009,-0.52883559,0.12300657,-0.11960061,-0.15541486,-0.28100798,0.05254161,0.3414752,0.18785359,0.17477913,0.37582379,-0.12984472,0.18578312,0.22048897,-0.45034822,0.18469418,-0.069867979,-0.4360812,-0.07575631,0.16675703,0.027938329,-0.19224915,-0.19564169,-0.13828465,-0.31438782,-0.60679127,-0.61591398,0.32417423,-0.17020477,-0.10805347,-0.16164013,0.13575036,-0.18750692,-2.4490625,-0.11192345,-0.76601974,-0.20028055,-0.83154784,0.30305695,-0.87699684,0.083706941,-0.04593601,-0.65973409,0.070392147,0.079675906,-0.24084798,0.26135227,0.2316258,-0.12497638,0.12994433,0.00053463378,-0.17303983,-0.50601548,0.16938673,-0.43293631,-0.18744168,-0.19351461,0.35857112,0.1592233,-0.33768318,0.3399186,0.040244442,0.40660913,-0.076538749,0.33876887,-1.001099,-0.18667506,0.12274141,0.088120321,0.34601636,-0.73896261,0.074997436,-1.7788089,-0.21446203,0.29906272,0.057344886,-0.10725238,0.13625265,-0.28629392,0.12826848,0.11146053,0.23538074,0.088645772,0.076272709,0.22122885,0.23521492,-0.16353505,-0.23595301,-0.055478931,-0.12010235,-0.052182573,-0.66121913,0.061113445,0.33979005,0.42129711,0.18212399,-0.035206505,0.093782359,-0.41939955,-0.04091519,-1.0903952,0.45914435,0.64278353,0.45190649,-1.1335851,-1.323965,-0.099552463,-0.2991298,-0.12777958,0.084591304,-0.087609755,0.037201325,0.055799146,-0.46920204,-2.5283528,-0.45514155,-0.45919063,-2.2252216,-1.7139601,-1.9069635,-0.54089317,0.29770422,0.11884828,-0.085633322,0.14169749,0.34185404,-0.98526419,0.08861127,0.24289095,0.079986255,0.28981981,-0.06918402,-0.08358348,-1.1726981,0.01855944,-0.079435596,0.28683543,0.30297583,-0.086272048,-0.67795333,0.16558236,0.41082993,-0.082294206,0.068687569,-0.86126647,-0.30977273,-0.096660736,0.24547573,-1.0662659
-47.683038,0.87004938,2.2911677e-06,12,4095,0,48.355105,0.23452457,1.5478136,0.15616204,0.44848503,0.5,-0.29416258,0.025630449,-0.26439186,-0.1809209,0.30586587,0.06692785,-0.32369025,0.4081696,0.1095406,-0.14726108,-0.25113114,-0.41036274,0.13933015,-0.3213859,0.25792256,-1.6576853,-0.40921539,0.098337293,0.0030521571,0.35200974,-1.3864158,0.36689404,0.44915241,0.35098445,0.43834661,-0.053057627,0.18084642,-0.34137956,-0.10077232,0.098814405,-0.060857059,-0.35692927,0.40698154,-0.46994946,0.058842162,-0.36478303,-0.57847692,-0.38128605,-1.1141088,-0.30008093,-0.58350326,-0.28695743,-1.0007464,-1.9245741,-2.169574,0.041343157,-0.10144,-0.011355247,0.045728906,0.050862206,-0.1295512,-0.07242216,0.23465598,-0.16093729,-0.27502023,-0.7647295,-0.48935834,0.071292133,0.092276663,-0.43670898,-0.26019059,0.074921944,0.16803599,-0.014137959,-0.13800835,0.26742712,0.39836738,0.25308678,0.36673494,0.10325627,-0.47442828,0.091394667,-0.096827384,-0.13818287,0.20219925,-0.19421165,0.25674142,0.055460174,-1.1502042,-0.37575266,0.57863251,-0.10000101,0.31528575,0.29678947,0.46575997,-0.0236944,-0.021263324,-0.36597697,0.14738316,0.32737399,-0.062034571,0.19811965,-0.35220816,0.33209377,0.076076735,0.13940024,0.1814181,0.37746196,0.21601324,0.18755275,0.20157587,0.056369318,-0.19449367,-0.020932661,0.18925199,0.44166759,-0.012756866,0.42862029,0.33331201,0.099665209,0.20657475,-0.29157444,-0.5400393,-0.1195844,0.43723785,-0.17259508,0.22195084,-0.10969107,-2.6672001,0.28858339,0.084136138,0.064053689,0.24212102,0.35953668,0.3772485,0.21597261,0.2788067,-0.1721838,0.18257889,0.15261644,-0.15112669,-0.48120903,0.098360438,-0.20315309,-0.16306621,-0.11184529,-0.32969741,0.075160369,-0.40498949,-0.011279326,-0.21310709,-0.599632,-0.43390471,-0.24853764,-0.52788183,0.12307943,-0.11913386,-0.15486221,-0.28024944,0.052866425,0.34119211,0.18790685,0.17483326,0.37535482,-0.12930437,0.18578123,0.22042615,-0.44922564,0.18488425,-0.06941242,-0.4349487,-0.075277934,0.166943,0.028352028,-0.19161405,-0.19491648,-0.13765228,-0.31347517,-0.60552155,-0.61460945,0.32369925,-0.16949778,-0.10750166,-0.16096206,0.13600914,-0.18680548,-2.4452906,-0.11129733,-0.76454955,-0.19966542,-0.82988691,0.30315003,-0.87521232,0.083754689,-0.045696405,-0.65821522,0.070912022,0.080141532,-0.2401827,0.26116948,0.23176508,-0.12444471,0.13026636,0.00084238528,-0.17224941,-0.5047923,0.16938654,-0.43198547,-0.18687581,-0.19302216,0.35855098,0.15958571,-0.33694512,0.34002415,0.040839442,0.40647542,-0.075804356,0.33867153,-0.99944269,-0.18613282,0.12313401,0.088283061,0.34585657,-0.73744317,0.075368575,-1.7760136,-0.21537428,0.29848669,0.057570814,-0.10669776,0.13636605,-0.28543481,0.12829802,0.11157293,0.23523456,0.088871802,0.076522432,0.22113045,0.23529902,-0.1629102,-0.23520685,-0.055068518,-0.11959155,-0.051638579,-0.65975895,0.061322389,0.33946961,0.42077097,0.18223161,-0.034733347,0.094113943,-0.41841357,-0.040317689,-1.0885197,0.45901945,0.64201752,0.45178684,-1.1318694,-1.3215051,-0.10058325,-0.29808171,-0.12696602,0.085083135,-0.086913594,0.037655635,0.056215054,-0.46809377,-2.5244768,-0.45406609,-0.45813875,-2.2218416,-1.7113047,-1.9040509,-0.53957529,0.29759828,0.11908358,-0.086702742,0.14201169,0.34186068,-0.98334769,0.089078744,0.24316737,0.080518485,0.29000389,-0.068864727,-0.083305416,-1.1703828,0.019150342,-0.078725991,0.28697186,0.30305923,-0.085518931,-0.67635942,0.1659528,0.41064409,-0.081998257,0.069200603,-0.85985928,-0.30914209,-0.096310598,0.2456684,-1.0645456
-48.002693,0.87823226,2.2911677e-06,12,4095,0,48.694706,0.2347242,1.545997,0.15566507,0.4498024,0.5,-0.29579464,0.024792603,-0.26136639,-0.18202919,0.306048,0.066253409,-0.32210887,0.40908793,0.10870223,-0.14843443,-0.25273578,-0.41248937,0.13842393,-0.3198201,0.25789033,-1.6626201,-0.41116653,0.097511268,0.0018719737,0.35229251,-1.3906552,0.36775162,0.45040037,0.35159627,0.43931757,-0.054055824,0.180687,-0.33970141,-0.10160298,0.098043917,-0.061643184,-0.35835688,0.40689999,-0.47170609,0.057986544,-0.36634266,-0.58069823,-0.38308116,-1.1176079,-0.30176948,-0.585934,-0.28853554,-1.0041225,-1.9298652,-2.1755544,0.040308968,-0.10291088,-0.012674502,0.045148202,0.050156397,-0.13056948,-0.073425902,0.2345498,-0.16206817,-0.27629593,-0.76788928,-0.49195428,0.071006926,0.091423617,-0.43839839,-0.26159086,0.074260211,0.16790059,-0.015162418,-0.13942543,0.26747708,0.39868234,0.25259298,0.3665458,0.10244449,-0.4762309,0.091267697,-0.097725907,-0.13980599,0.20221292,-0.19528967,0.25760485,0.055283139,-1.1533094,-0.37699164,0.57960717,-0.10162555,0.31460901,0.29622724,0.46567877,-0.0251287,-0.021840426,-0.36814535,0.14727749,0.32865284,-0.062744742,0.19833529,-0.34926263,0.33256765,0.075196209,0.13850549,0.18076781,0.37731085,0.21541366,0.18698169,0.20115688,0.055572987,-0.19242834,-0.02230313,0.18827686,0.4413823,-0.014435324,0.42805683,0.33237644,0.09832357,0.20568865,-0.29254577,-0.54181617,-0.12053504,0.43759467,-0.17413238,0.22168699,-0.1110841,-2.674711,0.28804291,0.082924973,0.062725598,0.241201,0.35892672,0.376656,0.21486722,0.28014898,-0.17410674,0.18351179,0.15159913,-0.15209972,-0.48286498,0.098001945,-0.20445389,-0.16438848,-0.11312204,-0.33125619,0.074397637,-0.40676002,-0.012519251,-0.21488305,-0.6023556,-0.43569318,-0.24998928,-0.53008188,0.12240573,-0.12049158,-0.15635389,-0.2820782,0.052085863,0.3413842,0.18772353,0.17446633,0.37582958,-0.13039866,0.18547546,0.22013191,-0.4513701,0.18425391,-0.070470756,-0.43684951,-0.076357056,0.16661621,0.0275055,-0.19316982,-0.1963227,-0.13876088,-0.31517673,-0.60800639,-0.61695306,0.3246496,-0.17088604,-0.10851908,-0.16256647,0.13533519,-0.18842084,-2.4523027,-0.1129025,-0.76681463,-0.20071699,-0.8332411,0.30250262,-0.87875839,0.083533917,-0.046475322,-0.66105554,0.069998999,0.079419736,-0.24152084,0.26113491,0.23136423,-0.12538783,0.12929711,0.00018370981,-0.17390047,-0.50710114,0.16947872,-0.43354603,-0.18777115,-0.19413751,0.35838641,0.15860846,-0.3381063,0.3393803,0.039560532,0.40664135,-0.07711427,0.33888098,-1.0027079,-0.18741667,0.12274164,0.087695889,0.34597958,-0.74017653,0.074421451,-1.7807619,-0.21388953,0.29949485,0.056994902,-0.10758723,0.13642599,-0.2865774,0.12865859,0.1114559,0.2354064,0.088611631,0.076367894,0.22134474,0.234653,-0.16375832,-0.23614381,-0.055712635,-0.12056631,-0.052788136,-0.66219838,0.060352653,0.33969698,0.42124509,0.18151032,-0.036105292,0.09299173,-0.41985063,-0.041943448,-1.0913569,0.45862629,0.64280584,0.45168455,-1.1350688,-1.3259932,-0.099014082,-0.30034752,-0.1286585,0.084062944,-0.088241117,0.036488904,0.055226928,-0.47048808,-2.5315779,-0.45620057,-0.46019604,-2.2279749,-1.7164241,-1.9095345,-0.54156265,0.29721,0.11800607,-0.085441507,0.14076765,0.34138195,-0.98717815,0.087678592,0.2420811,0.079214576,0.2894584,-0.069628768,-0.084316817,-1.1740355,0.018210985,-0.080036179,0.28659287,0.30303995,-0.086886661,-0.67898032,0.1652972,0.41089017,-0.082707237,0.067963568,-0.86225283,-0.3103947,-0.097170239,0.24498584,-1.0675075
-48.678288,0.6471192,2.2911677e-06,12,4095,0,51.061069,0.23407963,1.5546066,0.15541235,0.44928694,0.5,-0.29348986,0.02342004,-0.27381097,-0.18231192,0.30055983,0.064101338,-0.3317119,0.40134583,0.10739065,-0.14822666,-0.25047724,-0.40778054,0.13744006,-0.32940642,0.2531996,-1.6446901,-0.40734316,0.096141438,0.0021246763,0.34649503,-1.3759835,0.3601052,-0.25162436,0.34469209,0.4314682,-0.054666162,0.17640206,-0.34959197,-0.10308093,0.09631025,-0.063276597,-0.35709023,0.40251697,-0.46883805,0.05661448,-0.36436692,-0.57554528,-0.38012279,-1.1064549,-0.29913152,-0.57983278,-0.28653257,-0.99359817,-1.9104016,-2.1527868,0.039912104,-0.10128052,-0.011756387,0.042612347,0.048243561,-0.13115661,-0.073999263,0.23004935,-0.16228387,-0.27590733,-0.75829029,-0.48501592,0.067077053,0.090130969,-0.4359054,-0.26036469,0.072143445,0.16347899,-0.01569419,-0.13811328,0.26240814,0.39286413,0.24986099,0.36260023,0.10102627,-0.47328817,0.086660083,-0.098900509,-0.13748116,0.19724141,-0.19564048,0.24971963,0.050922962,-1.1441872,-0.37663924,0.57206186,-0.099402003,0.31258741,0.29369081,0.46134048,-0.023754165,-0.024419459,-0.36335436,0.14276437,0.31969919,-0.064680697,0.19260666,-0.36194305,0.32611272,0.073903969,0.1373742,0.17852439,0.37314936,0.21297562,0.18438507,0.19790303,0.053911271,-0.20278447,-0.021192622,0.18758008,0.43780689,-0.011930756,0.4255709,0.33144345,0.099183747,0.20445413,-0.29335398,-0.53871699,-0.1212473,0.43166412,-0.17240428,0.21776382,-0.10997083,-2.6447596,0.28541529,0.083260078,0.063591794,0.24020532,0.3565976,0.37425077,0.2146682,0.27087276,-0.17053228,0.17523987,0.15096577,-0.1526998,-0.48035543,0.094648037,-0.20349218,-0.16376996,-0.11263423,-0.32917688,0.07258817,-0.4037081,-0.012033282,-0.21189005,-0.5949084,-0.43258072,-0.24841464,-0.52497406,0.12043011,-0.11934053,-0.15458602,-0.27874107,0.050470594,0.33591913,0.18352874,0.17108112,0.36942206,-0.13061979,0.18184563,0.21649712,-0.44665856,0.18201982,-0.070808596,-0.43338548,-0.076605885,0.16298354,0.026155414,-0.19112838,-0.1950903,-0.13897256,-0.31257353,-0.60166146,-0.61134968,0.31665567,-0.16973167,-0.10913337,-0.16031735,0.13326106,-0.18612583,-2.4246143,-0.11063553,-0.76178406,-0.20123001,-0.82278202,0.30039668,-0.86742468,0.079419846,-0.048071584,-0.65308538,0.068916648,0.077444776,-0.24060106,0.25645729,0.22812135,-0.12637249,0.12859432,-0.0020361269,-0.171487,-0.50162207,0.16412186,-0.43172646,-0.18905358,-0.1942339,0.35426769,0.15791531,-0.33819897,0.33724913,0.040212486,0.40132625,-0.076372052,0.33331776,-0.99264813,-0.18668363,0.11927812,0.085247752,0.34075705,-0.7327314,0.0735913,-1.7639522,-0.22298783,0.2912648,0.054444594,-0.10885386,0.13112213,-0.28683022,0.12218815,0.10687424,0.22985786,0.084596482,0.071855192,0.2156015,0.23254838,-0.16531262,-0.23736606,-0.058097479,-0.12137372,-0.052725217,-0.65621399,0.059727251,0.33410465,0.41491071,0.17974392,-0.034908663,0.093022574,-0.41870544,-0.039597584,-1.0837336,0.45550782,0.63585028,0.44740721,-1.1254135,-1.3102805,-0.10806884,-0.29505238,-0.12607066,0.083515866,-0.087386568,0.036680574,0.054570592,-0.46452307,-2.5034896,-0.45150826,-0.45587831,-2.2044711,-1.6976028,-1.8890252,-0.53780283,0.29403969,0.11786799,-0.093790383,0.14135818,0.33856856,-0.97449898,0.088951307,0.24190153,0.08000527,0.28685753,-0.071359734,-0.084777607,-1.1624526,0.017208449,-0.079276921,0.28327985,0.29826457,-0.085868097,-0.67215746,0.16308425,0.40530111,-0.084706818,0.068451097,-0.85653287,-0.30991361,-0.098448338,0.24299603,-1.0590867
-48.889506,1,2.2911677e-06,12,4095,0,51.772047,0.233911,1.5565088,0.15499289,0.44888364,0.5,-0.29374196,0.022372189,-0.2762805,-0.18311865,0.29870817,0.062894191,-0.33410961,0.39916371,0.1063512,-0.14894061,-0.25074761,-0.4075173,0.13646616,-0.33182172,0.25147544,-1.6415336,-0.40726539,0.095089918,0.0014189612,0.34460798,-1.373541,0.35791659,-0.25391361,0.34260678,0.42926476,-0.055555195,0.17475752,-0.352029,-0.10415396,0.095196236,-0.064384935,-0.35756878,0.40087287,-0.46896982,0.055578055,-0.36469509,-0.57518281,-0.38022226,-1.1047787,-0.29931761,-0.57925927,-0.28684613,-0.99205432,-1.9068982,-2.1485643,0.03906441,-0.10169121,-0.012323148,0.041316027,0.047074035,-0.13203767,-0.074882216,0.2283834,-0.16307056,-0.27656233,-0.75696884,-0.48428027,0.06550504,0.089101275,-0.43611398,-0.26085424,0.070932863,0.16181135,-0.016560502,-0.13858328,0.26063945,0.39095037,0.24851516,0.36101719,0.099962441,-0.47339149,0.084958819,-0.099905313,-0.13774049,0.19546729,-0.19647002,0.24746989,0.049251266,-1.1429524,-0.37732376,0.56999127,-0.099673045,0.3113994,0.29240553,0.45970881,-0.024214647,-0.025730742,-0.36306368,0.14106368,0.31731713,-0.065860531,0.19067481,-0.364568,0.32406189,0.072889891,0.13638291,0.17730651,0.3715531,0.2117162,0.18309615,0.19648313,0.052815554,-0.20513697,-0.02171261,0.18666594,0.43631226,-0.012159811,0.42428659,0.33047409,0.098614445,0.20344995,-0.29429986,-0.53881318,-0.12217401,0.42978587,-0.1727683,0.21622156,-0.11047463,-2.6389655,0.28411146,0.082574296,0.063019007,0.23923419,0.35535394,0.37299318,0.21386595,0.26839716,-0.17050775,0.17287988,0.15008562,-0.15360444,-0.4805785,0.093161916,-0.20405826,-0.16436646,-0.11326532,-0.32949095,0.071462185,-0.40380738,-0.012683475,-0.21199647,-0.59404208,-0.43266517,-0.2488378,-0.52462692,0.11924044,-0.11985839,-0.15496927,-0.27878131,0.049369849,0.3340686,0.18190632,0.16961221,0.36741512,-0.13142136,0.18032587,0.21497471,-0.4463849,0.18078868,-0.071638339,-0.43337562,-0.077415663,0.16147657,0.025114596,-0.19144844,-0.19557461,-0.1397669,-0.31275782,-0.60103373,-0.61087699,0.31443276,-0.17023332,-0.11001667,-0.16059227,0.13206535,-0.18638892,-2.4193267,-0.1109126,-0.76143236,-0.20209272,-0.82126723,0.29918397,-0.86572017,0.077797409,-0.049177856,-0.65210114,0.067939049,0.076281299,-0.24115636,0.25473571,0.22669187,-0.12733645,0.12768011,-0.0032655193,-0.17172013,-0.50118022,0.16227967,-0.43208083,-0.19008339,-0.19501428,0.35267569,0.15700507,-0.33897394,0.33603229,0.039595591,0.39953375,-0.076958299,0.33147425,-0.99121172,-0.18728456,0.11781532,0.083967268,0.33896159,-0.73185576,0.072655412,-1.7610263,-0.22527766,0.2889844,0.053145767,-0.1098752,0.12929268,-0.28762955,0.12015134,0.10517167,0.22798356,0.083008043,0.070170836,0.21369649,0.23133554,-0.16639526,-0.23837704,-0.059359086,-0.12230091,-0.053465288,-0.65565182,0.058822214,0.33222892,0.41292065,0.17859964,-0.035419247,0.092258591,-0.41920371,-0.039865841,-1.0828167,0.45408803,0.63383434,0.44578936,-1.124064,-1.3076046,-0.1102987,-0.29467085,-0.12626829,0.082645989,-0.0879517,0.03596022,0.053673409,-0.46398865,-2.4981089,-0.45124142,-0.4556919,-2.2000886,-1.6942545,-1.8853038,-0.53772272,0.2926072,0.11706171,-0.096001879,0.1407015,0.33721441,-0.97250403,0.088446689,0.24108096,0.079409695,0.28555754,-0.072490754,-0.08564435,-1.1606562,0.016250831,-0.0798612,0.28184119,0.29656134,-0.086395535,-0.67140914,0.16187013,0.40346188,-0.085896801,0.067793731,-0.85604024,-0.31056799,-0.099483661,0.24181428,-1.0580015
-49.021918,0.53715268,2.2911677e-06,12,4095,0,52.940694,0.23427308,1.5539486,0.15483509,0.44850732,0.5,-0.29487821,0.022326572,-0.27239749,-0.18356268,0.2999449,0.063051513,-0.3314394,0.40119718,0.10632072,-0.14942769,-0.25182106,-0.40931073,0.13635503,-0.32913382,0.25249187,-1.647225,-0.40883803,0.095075134,0.00092689204,0.34593275,-1.3782634,0.3599054,-0.25152688,0.34433881,0.43137992,-0.055806506,0.17559792,-0.34925832,-0.10419184,0.095213602,-0.064353154,-0.35842942,0.40180173,-0.47027483,0.055476455,-0.36572098,-0.57711193,-0.38161563,-1.1084846,-0.30051158,-0.58149021,-0.28792158,-0.9956051,-1.9131209,-2.1557303,0.03877843,-0.10257283,-0.012993496,0.041619949,0.047226861,-0.13232945,-0.075135996,0.22924779,-0.16356091,-0.27725981,-0.7601688,-0.48669063,0.066159073,0.08903405,-0.43734219,-0.26166443,0.071139863,0.1626689,-0.016864013,-0.13941779,0.26169165,0.39237847,0.24897394,0.36186191,0.099972843,-0.47479886,0.085799964,-0.10004289,-0.13883424,0.19651768,-0.19684859,0.24946586,0.050074744,-1.1461336,-0.3779122,0.57200271,-0.10080084,0.31158496,0.29272045,0.46063726,-0.025066169,-0.025412782,-0.36494568,0.14199419,0.31976043,-0.065706837,0.19200788,-0.3606331,0.32571667,0.072739844,0.13624783,0.17748026,0.37237636,0.21196256,0.18336904,0.19694648,0.05278681,-0.2020953,-0.022468491,0.18646206,0.43700053,-0.013318865,0.42462587,0.33032867,0.097876648,0.20330111,-0.29449166,-0.540102,-0.12231558,0.43115465,-0.17381528,0.21685643,-0.1113043,-2.6482575,0.28445458,0.082029263,0.06231645,0.23908575,0.35560888,0.37326741,0.21346403,0.27097468,-0.17205503,0.1750209,0.1497682,-0.15377123,-0.48170576,0.09381886,-0.20467205,-0.16514523,-0.11396065,-0.33048757,0.071476759,-0.40510437,-0.013272576,-0.21332153,-0.59667919,-0.43399262,-0.24968859,-0.52650991,0.11945971,-0.12057289,-0.15587034,-0.28015131,0.049406063,0.33533397,0.18270649,0.17020074,0.36900597,-0.13181685,0.18099798,0.21567078,-0.44823126,0.18103177,-0.071973478,-0.43491217,-0.077781529,0.16208206,0.025050759,-0.19244824,-0.19640329,-0.14019844,-0.31399848,-0.60334257,-0.61301197,0.31647159,-0.17103589,-0.11031716,-0.16166102,0.13224256,-0.1874771,-2.4278944,-0.11196826,-0.76348582,-0.20244283,-0.82475308,0.29942835,-0.86947151,0.078573187,-0.049116818,-0.65490988,0.067768909,0.076358199,-0.24188413,0.25574972,0.2272144,-0.12753624,0.12748363,-0.0030701982,-0.17287106,-0.5032559,0.16340426,-0.43313932,-0.1902219,-0.19542376,0.35348888,0.15679104,-0.339476,0.3362781,0.038957227,0.40071277,-0.077667827,0.33270279,-0.9945909,-0.18792056,0.11830169,0.08427454,0.34011884,-0.73453116,0.072474463,-1.7665112,-0.22273198,0.29111912,0.053455746,-0.1100121,0.13036096,-0.28813488,0.12156161,0.10604788,0.22921549,0.083695433,0.070978484,0.21496327,0.23158306,-0.16648659,-0.23859767,-0.059160508,-0.12253796,-0.053934065,-0.65793914,0.058648244,0.33354144,0.41451542,0.17875222,-0.036149885,0.0918724,-0.42010692,-0.040933917,-1.0856688,0.45467418,0.63571635,0.44668387,-1.1273638,-1.3126965,-0.10770068,-0.29664292,-0.12747308,0.082349313,-0.08867572,0.035489737,0.053432242,-0.46614631,-2.5068138,-0.45306586,-0.4574134,-2.2074629,-1.7001933,-1.8917584,-0.53940115,0.29319916,0.11675279,-0.093614407,0.14017686,0.33767392,-0.97664104,0.087694297,0.24076354,0.078757695,0.28589841,-0.072424825,-0.085884071,-1.1646571,0.016034668,-0.08056594,0.2823846,0.29751165,-0.087181496,-0.67395558,0.16204312,0.40473448,-0.085754706,0.067226059,-0.85824323,-0.31117367,-0.099543271,0.24199323,-1.0609942
-48.303903,1,2.2911677e-06,12,4095,0,50.885272,0.23315695,1.5472183,0.15513978,0.45005464,0.5,-0.29646583,0.023608785,-0.26278109,-0.18245387,0.30440997,0.065238161,-0.3237227,0.40718073,0.10723888,-0.14965185,-0.25383766,-0.41327823,0.13684154,-0.32173325,0.25594918,-1.6614752,-0.41172058,0.096056447,0.0005720945,0.35083778,-1.3900505,0.3658135,0.44811137,0.34966893,0.43703094,-0.05532544,0.17916829,-0.341323,-0.10262677,0.097214481,-0.062877807,-0.35892648,0.40504318,-0.47227914,0.057289743,-0.3671748,-0.58135814,-0.38311201,-1.1173312,-0.30274128,-0.58627829,-0.28900867,-1.0036871,-1.9278169,-2.1732863,0.038811542,-0.10418167,-0.014060882,0.043802411,0.048585234,-0.13155711,-0.074764208,0.23345981,-0.16225354,-0.27617506,-0.7683133,-0.4928311,0.070123136,0.090234054,-0.4387401,-0.26247965,0.072726933,0.16658299,-0.016173041,-0.14031948,0.26629763,0.39635252,0.25043428,0.3641924,0.10089076,-0.47611509,0.090513341,-0.098621694,-0.1409278,0.2006797,-0.19611263,0.25606507,0.05399208,-1.1527304,-0.37773749,0.57786537,-0.10222278,0.31302847,0.29484788,0.46374344,-0.026064385,-0.023230404,-0.36838883,0.14552297,0.32660865,-0.064295795,0.19631208,-0.35120424,0.32988535,0.074723615,0.13750101,0.17986586,0.3757809,0.21437654,0.18611156,0.20030821,0.054957637,-0.19397812,-0.023418632,0.18676784,0.43947118,-0.015513682,0.42631604,0.33088571,0.097613034,0.20505772,-0.29390799,-0.54307432,-0.12250288,0.43631665,-0.1742026,0.22109745,-0.11154627,-2.6713631,0.28664977,0.081852203,0.061711608,0.23994505,0.35753494,0.37529404,0.21382144,0.27763269,-0.17435929,0.18153893,0.15093713,-0.15412302,-0.4841026,0.095641223,-0.2063854,-0.16409955,-0.11323101,-0.33257768,0.073775063,-0.40782829,-0.01354904,-0.21561085,-0.60245967,-0.43664564,-0.25135778,-0.53103234,0.12042115,-0.12202964,-0.15777304,-0.28322844,0.050793221,0.33945575,0.18633422,0.17282767,0.37373389,-0.13137361,0.18373555,0.21820987,-0.4517021,0.18271682,-0.071678378,-0.43685837,-0.077515643,0.16546853,0.026424218,-0.19439306,-0.19706882,-0.13945234,-0.31566645,-0.60826327,-0.61692766,0.32332524,-0.17167046,-0.10936403,-0.16371032,0.1339662,-0.18950002,-2.4497796,-0.11422441,-0.76616589,-0.20140077,-0.83326916,0.30061919,-0.87861718,0.082055682,-0.048046161,-0.66092809,0.069182572,0.078667866,-0.24238391,0.25918326,0.22997052,-0.12621229,0.1277587,-0.0010154417,-0.17473264,-0.50729975,0.16829975,-0.43375071,-0.18843325,-0.19529754,0.35681244,0.15719024,-0.33853442,0.33754351,0.038531926,0.40520052,-0.077715985,0.33761229,-1.0026287,-0.18861548,0.12218389,0.086117381,0.34436722,-0.73990984,0.073075587,-1.7787349,-0.21564794,0.29790884,0.055636785,-0.1082713,0.1355697,-0.28658636,0.12797248,0.1103383,0.23387737,0.087669391,0.075644798,0.22003679,0.23274555,-0.16416924,-0.23627425,-0.056562793,-0.12149424,-0.053817185,-0.66177868,0.058443948,0.33769683,0.4189692,0.17958129,-0.037644587,0.091289843,-0.41979764,-0.043396857,-1.0900764,0.45636997,0.64033781,0.44988112,-1.1347204,-1.3247564,-0.10095571,-0.30109172,-0.12947141,0.08302026,-0.088988277,0.035141817,0.053977024,-0.47117067,-2.5288143,-0.45667304,-0.46065233,-2.2256756,-1.7152886,-1.9079903,-0.54107415,0.29502095,0.116041,-0.0881164,0.13884162,0.33944118,-0.98694875,0.086064308,0.24022115,0.077940203,0.288016,-0.070923541,-0.08604622,-1.1722696,0.017594464,-0.080719651,0.28522382,0.30201716,-0.087498683,-0.67834041,0.16432161,0.40940131,-0.084013576,0.066715881,-0.86196435,-0.31127307,-0.098483793,0.24338952,-1.0668697
# 
#  Elapsed Time: 88.766 seconds (Warm-up)
#                94.233 seconds (Sampling)
#                182.999 seconds (Total)
# 
